id,redemption_status
3,0
4,0
5,0
8,0
10,0
12,0
13,0
16,0
18,0
31,0
36,0
37,0
38,0
40,0
41,0
44,0
47,0
49,0
50,0
53,0
57,0
59,0
60,0
64,0
67,0
68,0
70,0
73,0
76,0
78,0
81,0
87,0
89,0
94,0
96,0
98,0
100,0
105,0
108,0
109,0
111,0
112,0
114,0
116,0
119,0
120,0
126,0
127,0
128,0
132,0
133,0
138,0
140,0
143,0
145,0
147,0
148,0
149,0
150,0
153,0
157,0
162,0
163,0
166,0
168,0
173,0
174,0
175,0
177,0
178,0
185,0
189,0
190,0
191,0
199,0
201,0
203,0
204,0
210,0
211,0
212,0
216,0
223,0
226,0
227,0
229,0
232,0
234,0
235,0
236,0
237,0
244,0
245,0
246,0
248,0
249,0
251,0
252,0
253,0
256,0
257,0
258,0
263,0
268,0
271,0
272,0
274,0
276,0
278,0
280,0
281,0
285,0
288,0
289,0
294,0
296,0
297,0
300,0
302,0
303,0
310,0
311,0
312,0
314,0
315,0
319,0
323,0
324,0
327,0
333,0
334,0
338,0
339,0
340,0
341,0
344,0
348,0
349,0
350,0
354,0
358,0
364,0
373,0
375,0
376,0
377,0
379,0
381,0
382,0
388,0
390,0
394,0
396,0
399,0
402,0
405,0
408,0
409,0
414,0
415,0
416,0
422,0
426,0
427,0
429,0
431,0
432,0
433,0
434,0
436,0
437,0
439,0
442,0
443,0
444,0
448,0
451,0
453,0
458,0
459,0
460,0
462,0
464,0
466,0
467,0
471,0
476,0
477,0
480,0
481,0
482,0
489,0
490,0
493,0
498,0
500,0
501,0
509,0
510,0
511,0
512,0
513,0
514,0
520,0
522,0
524,0
527,0
537,0
540,0
542,0
544,0
547,0
550,0
551,0
552,0
553,0
556,0
559,0
562,0
565,0
568,0
573,0
574,0
578,0
580,0
581,0
582,0
583,0
585,0
586,0
587,0
588,0
593,0
595,0
597,0
600,0
602,0
604,0
605,0
606,0
608,0
610,0
611,0
614,0
616,0
619,0
622,0
624,0
625,0
627,0
629,0
630,0
631,0
632,0
633,0
636,0
637,0
645,0
652,0
653,0
655,0
658,0
663,0
668,0
669,0
670,0
674,0
675,0
676,0
679,0
685,0
688,0
690,0
691,0
692,0
696,0
697,0
700,0
702,0
703,0
707,0
709,0
713,0
716,0
717,0
720,0
725,0
726,0
727,0
728,0
729,0
730,0
734,0
737,0
738,0
739,0
744,0
745,0
747,0
749,0
752,0
753,0
755,0
756,0
757,0
758,0
761,0
763,0
766,0
768,0
770,0
772,0
781,0
783,0
786,0
788,0
790,0
791,0
793,0
797,0
798,0
801,0
802,0
804,0
805,0
807,0
808,0
811,0
818,0
822,0
827,0
828,0
834,0
837,0
839,0
844,0
845,0
849,0
864,0
865,0
866,0
871,0
876,0
877,0
887,0
889,0
890,0
891,0
895,0
896,0
898,0
900,0
903,0
905,0
908,0
914,0
917,0
918,0
919,0
920,0
921,0
926,0
927,0
928,0
929,0
931,0
934,0
937,0
938,0
939,0
941,0
943,0
947,0
950,0
952,0
954,0
958,0
960,0
961,0
964,0
971,0
972,0
976,0
980,0
984,0
986,0
989,0
992,0
995,0
997,0
1000,0
1005,0
1006,0
1014,0
1015,0
1021,0
1022,0
1023,0
1025,0
1027,0
1028,0
1029,0
1033,0
1034,0
1037,0
1040,0
1044,0
1045,0
1049,0
1051,0
1053,0
1054,0
1055,0
1056,0
1057,0
1058,0
1060,0
1061,0
1067,0
1069,0
1073,0
1075,0
1080,0
1081,0
1087,0
1090,0
1092,0
1099,0
1101,0
1105,0
1107,0
1111,0
1113,0
1114,0
1117,0
1118,0
1120,0
1124,0
1125,0
1133,0
1137,0
1143,0
1146,0
1148,0
1149,0
1152,0
1153,0
1155,0
1157,0
1158,0
1161,0
1162,0
1166,0
1171,0
1175,0
1179,0
1182,0
1183,0
1184,0
1185,0
1186,0
1187,0
1192,0
1193,0
1194,0
1197,0
1198,0
1199,0
1204,0
1205,0
1208,0
1209,0
1210,0
1212,0
1215,0
1216,0
1217,0
1219,0
1223,0
1224,0
1226,0
1233,0
1234,0
1237,0
1239,0
1241,0
1246,0
1247,0
1248,0
1251,0
1261,0
1263,0
1264,0
1267,0
1268,0
1269,0
1270,0
1271,0
1273,0
1276,0
1277,0
1278,0
1280,0
1282,0
1283,0
1284,0
1285,0
1289,0
1295,0
1298,0
1300,0
1301,0
1306,0
1314,0
1315,0
1317,0
1318,0
1320,0
1321,0
1322,0
1323,0
1325,0
1326,0
1327,0
1328,0
1329,0
1332,0
1337,0
1338,0
1343,0
1344,0
1349,0
1350,0
1353,0
1354,0
1355,0
1359,0
1366,0
1367,0
1369,0
1373,0
1377,0
1378,0
1381,0
1382,0
1384,0
1385,0
1386,0
1387,0
1390,0
1392,0
1394,0
1400,0
1401,0
1410,0
1411,0
1413,0
1414,0
1417,0
1423,0
1427,0
1428,0
1430,0
1431,0
1432,0
1440,0
1441,0
1450,0
1454,0
1457,0
1458,0
1459,0
1460,0
1462,0
1468,0
1469,0
1470,0
1472,0
1475,0
1476,0
1482,0
1487,0
1489,0
1492,0
1494,0
1495,0
1496,0
1497,0
1499,0
1507,0
1511,0
1517,0
1518,0
1519,0
1520,0
1521,0
1523,0
1527,0
1528,0
1531,0
1534,0
1535,0
1536,0
1539,0
1540,0
1541,0
1543,0
1545,0
1546,0
1551,0
1552,0
1555,0
1556,0
1557,0
1560,0
1566,0
1572,0
1574,0
1575,0
1576,0
1577,0
1581,0
1586,0
1587,0
1589,0
1590,0
1592,0
1595,0
1600,0
1602,0
1610,0
1611,0
1612,0
1613,0
1614,0
1618,0
1620,0
1622,0
1627,0
1632,0
1633,0
1634,0
1636,0
1642,0
1643,0
1645,0
1651,0
1652,0
1654,0
1659,0
1662,0
1665,0
1666,0
1667,0
1673,0
1674,0
1677,0
1679,0
1686,0
1687,0
1689,0
1691,0
1697,0
1698,0
1700,0
1702,0
1703,0
1704,0
1708,0
1711,0
1712,0
1713,0
1716,0
1717,0
1720,0
1722,0
1726,0
1727,0
1728,0
1730,0
1731,0
1734,0
1735,0
1739,0
1740,0
1741,0
1742,0
1744,0
1748,0
1749,0
1750,0
1751,0
1752,0
1753,0
1754,0
1755,0
1757,0
1759,0
1764,0
1765,0
1766,0
1767,0
1769,0
1770,0
1777,0
1778,0
1780,0
1783,0
1786,0
1788,0
1793,0
1794,0
1796,0
1799,0
1800,0
1801,0
1803,0
1805,0
1807,0
1808,0
1811,0
1815,0
1819,0
1820,0
1822,0
1825,0
1826,0
1829,0
1830,0
1831,0
1835,0
1836,0
1838,0
1839,0
1842,0
1846,0
1847,0
1848,0
1849,0
1850,0
1852,0
1854,0
1855,0
1856,0
1858,0
1869,0
1872,0
1876,0
1879,0
1880,0
1882,0
1887,0
1888,0
1892,0
1894,0
1895,0
1898,0
1900,0
1901,0
1903,0
1904,0
1907,0
1908,0
1911,0
1914,0
1917,0
1923,0
1925,0
1928,0
1929,0
1934,0
1936,0
1937,0
1938,0
1939,0
1942,0
1944,0
1945,0
1946,0
1948,0
1951,0
1952,0
1957,0
1960,0
1961,0
1962,0
1965,0
1966,0
1973,0
1976,0
1978,0
1979,0
1980,0
1984,0
1985,0
1990,0
1991,0
1993,0
1999,0
2000,0
2001,0
2002,0
2007,0
2009,0
2011,0
2012,0
2014,0
2017,0
2019,0
2022,0
2025,0
2029,0
2030,0
2031,0
2032,0
2034,0
2036,0
2038,0
2039,0
2040,0
2044,0
2045,0
2046,0
2050,0
2052,0
2053,0
2054,0
2055,0
2057,0
2059,0
2061,0
2062,0
2064,0
2065,0
2070,0
2074,0
2077,0
2078,0
2081,0
2083,0
2086,0
2089,0
2099,0
2100,0
2103,0
2104,0
2105,0
2107,0
2108,0
2109,0
2110,0
2113,0
2117,0
2119,0
2121,0
2123,0
2126,0
2127,0
2128,0
2130,0
2131,0
2133,0
2135,0
2142,0
2144,0
2145,0
2146,0
2149,0
2155,0
2156,0
2157,0
2158,0
2163,0
2167,0
2178,0
2179,0
2181,0
2182,0
2190,0
2192,0
2196,0
2198,0
2199,0
2206,0
2211,0
2214,0
2215,0
2216,0
2217,0
2219,0
2220,0
2223,0
2225,0
2226,0
2227,0
2229,0
2230,0
2239,0
2241,0
2242,0
2243,0
2245,0
2247,0
2248,0
2250,0
2251,0
2252,0
2253,0
2254,0
2255,0
2256,0
2257,0
2259,0
2268,0
2272,0
2275,0
2278,0
2280,0
2285,0
2292,0
2293,0
2294,0
2296,0
2297,0
2298,0
2300,0
2301,0
2303,0
2305,0
2310,0
2315,0
2316,0
2317,0
2318,0
2322,0
2323,0
2331,0
2333,0
2337,0
2341,0
2344,0
2350,0
2352,0
2353,0
2354,0
2356,0
2357,0
2368,0
2369,0
2370,0
2371,0
2374,0
2382,0
2383,0
2386,0
2390,0
2393,0
2394,0
2395,0
2396,0
2400,0
2401,0
2403,0
2404,0
2407,0
2412,0
2414,0
2415,0
2424,0
2426,0
2429,0
2432,0
2434,0
2435,0
2436,0
2437,0
2440,0
2442,0
2445,0
2446,0
2447,0
2448,0
2450,0
2452,0
2455,0
2456,0
2457,0
2458,0
2466,0
2467,0
2472,0
2478,0
2480,0
2483,0
2487,0
2488,0
2490,0
2493,0
2497,0
2499,0
2501,0
2502,0
2510,0
2511,0
2517,0
2518,0
2520,0
2526,0
2533,0
2536,0
2540,0
2541,0
2542,0
2547,0
2548,0
2549,0
2553,0
2554,0
2556,0
2558,0
2560,0
2561,0
2565,0
2566,0
2568,0
2569,0
2573,0
2575,0
2576,0
2578,0
2579,0
2581,0
2582,0
2583,0
2584,0
2586,0
2588,0
2591,0
2593,0
2596,0
2602,0
2606,0
2609,0
2611,0
2612,0
2614,0
2629,0
2630,0
2633,0
2634,0
2635,0
2639,0
2640,0
2641,0
2646,0
2647,0
2650,0
2651,0
2654,0
2655,0
2659,0
2660,0
2662,0
2669,0
2674,0
2675,0
2676,0
2678,0
2680,0
2681,0
2683,0
2695,0
2696,0
2697,0
2698,0
2701,0
2708,0
2710,0
2711,0
2712,0
2716,0
2717,0
2723,0
2726,0
2727,0
2728,0
2729,0
2733,0
2734,0
2737,0
2739,0
2744,0
2745,0
2755,0
2756,0
2757,0
2759,0
2764,0
2769,0
2771,0
2773,0
2774,0
2775,0
2776,0
2777,0
2779,0
2780,0
2781,0
2783,0
2786,0
2787,0
2788,0
2789,0
2790,0
2792,0
2796,0
2797,0
2799,0
2801,0
2805,0
2808,0
2809,0
2811,0
2812,0
2814,0
2818,0
2819,0
2822,0
2823,0
2825,0
2827,0
2829,0
2831,0
2837,0
2838,0
2846,0
2849,0
2853,0
2854,0
2855,0
2858,0
2859,0
2863,0
2867,0
2869,0
2870,0
2872,0
2875,0
2878,0
2879,0
2880,0
2883,0
2888,0
2890,0
2895,0
2896,0
2905,0
2906,0
2907,0
2910,0
2912,0
2913,0
2914,0
2916,0
2917,0
2918,0
2919,0
2924,0
2927,0
2928,0
2929,0
2930,0
2932,0
2933,0
2939,0
2943,0
2946,0
2947,0
2948,0
2950,0
2954,0
2957,0
2958,0
2965,0
2966,0
2967,0
2968,0
2974,0
2982,0
2984,0
2988,0
2989,0
2990,0
2993,0
2995,0
2996,0
2998,0
3000,0
3001,0
3003,0
3005,0
3008,0
3010,0
3017,0
3018,0
3020,0
3021,0
3022,0
3027,0
3029,0
3031,0
3035,0
3036,0
3037,0
3043,0
3046,0
3050,0
3053,0
3054,0
3057,0
3061,0
3064,0
3068,0
3069,0
3071,0
3073,0
3074,0
3075,0
3076,0
3077,0
3078,0
3079,0
3080,0
3081,0
3085,0
3086,0
3089,0
3091,0
3092,0
3096,0
3097,0
3100,0
3102,0
3103,0
3106,0
3108,0
3109,0
3111,0
3112,0
3114,0
3117,0
3120,0
3123,0
3124,0
3128,0
3129,0
3131,0
3141,0
3143,0
3148,0
3152,0
3158,0
3159,0
3160,0
3161,0
3162,0
3163,0
3166,0
3168,0
3169,0
3170,0
3172,0
3175,0
3176,0
3182,0
3183,0
3184,0
3188,0
3191,0
3193,0
3194,0
3196,0
3200,0
3202,0
3204,0
3208,0
3209,0
3210,0
3211,0
3212,0
3213,0
3214,0
3223,0
3226,0
3232,0
3234,0
3235,0
3237,0
3238,0
3239,0
3240,0
3242,0
3249,0
3250,0
3251,0
3253,0
3257,0
3258,0
3259,0
3265,0
3266,0
3270,0
3271,0
3272,0
3277,0
3279,0
3280,0
3281,0
3282,0
3290,0
3293,0
3294,0
3295,0
3297,0
3298,0
3300,0
3302,0
3307,0
3310,0
3314,0
3321,0
3323,0
3324,0
3326,0
3327,0
3330,0
3331,0
3332,0
3340,0
3349,0
3351,0
3352,0
3358,0
3359,0
3360,0
3361,0
3363,0
3367,0
3369,0
3371,0
3376,0
3379,0
3380,0
3386,0
3390,0
3391,0
3392,0
3401,0
3403,0
3405,0
3411,0
3415,0
3416,0
3420,0
3424,0
3425,0
3433,0
3434,0
3436,0
3441,0
3447,0
3450,0
3452,0
3456,0
3458,0
3469,0
3472,0
3473,0
3474,0
3475,0
3484,0
3485,0
3491,0
3492,0
3493,0
3498,0
3499,0
3500,0
3505,0
3506,0
3508,0
3510,0
3512,0
3513,0
3514,0
3516,0
3523,0
3524,0
3525,0
3531,0
3532,0
3538,0
3542,0
3543,0
3546,0
3547,0
3550,0
3551,0
3554,0
3557,0
3561,0
3568,0
3569,0
3570,0
3571,0
3572,0
3573,0
3575,0
3581,0
3584,0
3586,0
3588,0
3591,0
3592,0
3593,0
3594,0
3595,0
3597,0
3598,0
3599,0
3601,0
3607,0
3609,0
3612,0
3614,0
3615,0
3617,0
3618,0
3619,0
3621,0
3624,0
3629,0
3632,0
3633,0
3634,0
3635,0
3636,0
3637,0
3638,0
3645,0
3649,0
3650,0
3658,0
3660,0
3662,0
3666,0
3667,0
3668,0
3670,0
3671,0
3672,0
3675,0
3678,0
3679,0
3681,0
3682,0
3685,0
3690,0
3694,0
3695,0
3696,0
3697,0
3702,0
3709,0
3711,0
3714,0
3715,0
3722,0
3725,0
3726,0
3727,0
3730,0
3734,0
3735,0
3738,0
3745,0
3748,0
3753,0
3755,0
3758,0
3760,0
3762,0
3763,0
3768,0
3775,0
3783,0
3786,0
3787,0
3789,0
3791,0
3794,0
3797,0
3802,0
3803,0
3804,0
3805,0
3806,0
3808,0
3809,0
3813,0
3816,0
3817,0
3818,0
3823,0
3824,0
3825,0
3827,0
3830,0
3832,0
3834,0
3837,0
3845,0
3846,0
3847,0
3849,0
3852,0
3853,0
3856,0
3862,0
3864,0
3867,0
3869,0
3871,0
3872,0
3876,0
3878,0
3880,0
3882,0
3887,0
3888,0
3890,0
3892,0
3893,0
3896,0
3898,0
3900,0
3902,0
3904,0
3906,0
3907,0
3908,0
3912,0
3919,0
3920,0
3922,0
3923,0
3925,0
3928,0
3930,0
3935,0
3936,0
3939,0
3941,0
3943,0
3945,0
3946,0
3948,0
3950,0
3951,0
3952,0
3954,0
3956,0
3957,0
3960,0
3962,0
3963,0
3966,0
3968,0
3969,0
3970,0
3974,0
3975,0
3978,0
3979,0
3981,0
3983,0
3985,0
3986,0
3988,0
3989,0
3992,0
3993,0
3994,0
3995,0
3997,0
3998,0
4001,0
4006,0
4008,0
4009,0
4019,0
4022,0
4023,0
4026,0
4029,0
4030,0
4031,0
4037,0
4039,0
4040,0
4045,0
4051,0
4055,0
4056,0
4057,0
4060,0
4069,0
4070,0
4072,0
4076,0
4077,0
4078,0
4083,0
4084,0
4087,0
4088,0
4089,0
4090,0
4091,0
4092,0
4093,0
4097,0
4100,0
4102,0
4104,0
4105,0
4111,0
4118,0
4121,0
4122,0
4124,0
4126,0
4129,0
4130,0
4131,0
4132,0
4133,0
4138,0
4140,0
4143,0
4145,0
4148,0
4149,0
4150,0
4151,0
4154,0
4159,0
4160,0
4162,0
4163,0
4166,0
4167,0
4168,0
4170,0
4172,0
4175,0
4179,0
4184,0
4186,0
4189,0
4191,0
4193,0
4194,0
4199,0
4200,0
4201,0
4204,0
4205,0
4209,0
4210,0
4212,0
4213,0
4215,0
4216,0
4218,0
4225,0
4229,0
4233,0
4234,0
4235,0
4241,0
4242,0
4250,0
4252,0
4256,0
4257,0
4261,0
4264,0
4271,0
4273,0
4275,0
4276,0
4280,0
4282,0
4284,0
4286,0
4287,0
4289,0
4290,0
4291,0
4295,0
4299,0
4301,0
4302,0
4310,0
4311,0
4312,0
4316,0
4319,0
4321,0
4323,0
4325,0
4331,0
4332,0
4335,0
4338,0
4342,0
4343,0
4346,0
4347,0
4349,0
4351,0
4354,0
4356,0
4358,0
4359,0
4360,0
4361,0
4365,0
4367,0
4369,0
4371,0
4374,0
4377,0
4380,0
4382,0
4384,0
4385,0
4390,0
4395,0
4396,0
4397,0
4400,0
4401,0
4403,0
4407,0
4413,0
4414,0
4415,0
4416,0
4418,0
4419,0
4422,0
4423,0
4424,0
4426,0
4427,0
4429,0
4431,0
4439,0
4442,0
4449,0
4452,0
4454,0
4462,0
4463,0
4474,0
4476,0
4477,0
4478,0
4479,0
4481,0
4488,0
4491,0
4495,0
4496,0
4497,0
4498,0
4503,0
4504,0
4506,0
4511,0
4513,0
4514,0
4519,0
4521,0
4523,0
4531,0
4532,0
4534,0
4537,0
4541,0
4543,0
4544,0
4546,0
4547,0
4548,0
4549,0
4550,0
4551,0
4553,0
4557,0
4561,0
4562,0
4563,0
4569,0
4570,0
4573,0
4575,0
4582,0
4583,0
4587,0
4589,0
4590,0
4591,0
4593,0
4596,0
4600,0
4601,0
4602,0
4603,0
4605,0
4607,0
4612,0
4618,0
4620,0
4622,0
4625,0
4628,0
4630,0
4634,0
4639,0
4642,0
4643,0
4644,0
4645,0
4646,0
4652,0
4653,0
4656,0
4658,0
4660,0
4665,0
4666,0
4670,0
4671,0
4672,0
4673,0
4675,0
4676,0
4683,0
4686,0
4689,0
4694,0
4697,0
4698,0
4701,0
4704,0
4705,0
4711,0
4717,0
4719,0
4721,0
4722,0
4725,0
4726,0
4727,0
4728,0
4730,0
4731,0
4733,0
4734,0
4735,0
4736,0
4739,0
4740,0
4741,0
4743,0
4744,0
4745,0
4746,0
4748,0
4751,0
4752,0
4753,0
4756,0
4761,0
4763,0
4764,0
4765,0
4767,0
4770,0
4773,0
4774,0
4776,0
4777,0
4778,0
4790,0
4797,0
4802,0
4803,0
4804,0
4806,0
4808,0
4809,0
4810,0
4815,0
4816,0
4817,0
4818,0
4821,0
4825,0
4827,0
4831,0
4832,0
4835,0
4837,0
4839,0
4846,0
4847,0
4848,0
4852,0
4854,0
4856,0
4859,0
4860,0
4863,0
4866,0
4870,0
4872,0
4873,0
4874,0
4875,0
4876,0
4878,0
4879,0
4881,0
4883,0
4884,0
4885,0
4886,0
4888,0
4889,0
4893,0
4900,0
4903,0
4904,0
4906,0
4910,0
4915,0
4917,0
4919,0
4921,0
4925,0
4926,0
4928,0
4930,0
4936,0
4938,0
4943,0
4946,0
4948,0
4949,0
4960,0
4963,0
4966,0
4967,0
4968,0
4970,0
4971,0
4972,0
4973,0
4974,0
4975,0
4981,0
4983,0
4987,0
4988,0
4989,0
4992,0
4994,0
4995,0
5000,0
5001,0
5002,0
5009,0
5010,0
5011,0
5019,0
5020,0
5021,0
5025,0
5027,0
5028,0
5032,0
5033,0
5035,0
5039,0
5040,0
5041,0
5042,0
5050,0
5054,0
5055,0
5056,0
5058,0
5059,0
5067,0
5072,0
5074,0
5075,0
5082,0
5088,0
5091,0
5092,0
5093,0
5095,0
5096,0
5098,0
5099,0
5102,0
5105,0
5113,0
5114,0
5115,0
5117,0
5120,0
5123,0
5125,0
5128,0
5131,0
5133,0
5135,0
5136,0
5139,0
5141,0
5142,0
5148,0
5152,0
5153,0
5154,0
5155,0
5157,0
5158,0
5160,0
5164,0
5165,0
5167,0
5170,0
5171,0
5179,0
5182,0
5183,0
5184,0
5185,0
5189,0
5191,0
5192,0
5197,0
5198,0
5199,0
5200,0
5201,0
5202,0
5203,0
5205,0
5206,0
5208,0
5209,0
5212,0
5213,0
5214,0
5215,0
5220,0
5223,0
5224,0
5225,0
5236,0
5246,0
5248,0
5249,0
5254,0
5255,0
5259,0
5261,0
5263,0
5266,0
5267,0
5268,0
5270,0
5271,0
5273,0
5274,0
5275,0
5276,0
5277,0
5278,0
5279,0
5283,0
5284,0
5289,0
5290,0
5293,0
5296,0
5297,0
5299,0
5301,0
5304,0
5306,0
5308,0
5315,0
5320,0
5321,0
5326,0
5328,0
5331,0
5336,0
5337,0
5343,0
5345,0
5348,0
5354,0
5355,0
5356,0
5357,0
5359,0
5361,0
5363,0
5368,0
5369,0
5371,0
5372,0
5373,0
5374,0
5375,0
5378,0
5381,0
5387,0
5388,0
5392,0
5394,0
5395,0
5397,0
5398,0
5399,0
5400,0
5401,0
5403,0
5404,0
5406,0
5416,0
5417,0
5419,0
5421,0
5424,0
5425,0
5427,0
5428,0
5431,0
5432,0
5433,0
5435,0
5437,0
5439,0
5441,0
5443,0
5445,0
5447,0
5448,0
5449,0
5451,0
5452,0
5455,0
5458,0
5462,0
5464,0
5468,0
5471,0
5472,0
5473,0
5474,0
5490,0
5492,0
5495,0
5500,0
5502,0
5507,0
5508,0
5509,0
5513,0
5514,0
5516,0
5517,0
5520,0
5522,0
5523,0
5525,0
5530,0
5531,0
5534,0
5535,0
5536,0
5537,0
5538,0
5539,0
5544,0
5546,0
5548,0
5552,0
5553,0
5554,0
5557,0
5558,0
5563,0
5565,0
5567,0
5568,0
5569,0
5570,0
5571,0
5573,0
5576,0
5579,0
5581,0
5583,0
5584,0
5585,0
5586,0
5587,0
5588,0
5590,0
5592,0
5593,0
5597,0
5598,0
5601,0
5602,0
5603,0
5610,0
5617,0
5618,0
5620,0
5621,0
5627,0
5631,0
5633,0
5635,0
5636,0
5638,0
5641,0
5642,0
5647,0
5652,0
5653,0
5655,0
5656,0
5658,0
5662,0
5663,0
5664,0
5665,0
5668,0
5669,0
5670,0
5672,0
5673,0
5674,0
5680,0
5683,0
5686,0
5688,0
5696,0
5701,0
5703,0
5704,0
5706,0
5708,0
5709,0
5710,0
5711,0
5714,0
5715,0
5717,0
5718,0
5720,0
5723,0
5724,0
5725,0
5728,0
5730,0
5731,0
5732,0
5733,0
5734,0
5735,0
5738,0
5740,0
5742,0
5745,0
5746,0
5748,0
5752,0
5753,0
5757,0
5758,0
5764,0
5765,0
5766,0
5767,0
5770,0
5773,0
5774,0
5775,0
5777,0
5782,0
5790,0
5791,0
5793,0
5794,0
5796,0
5799,0
5804,0
5805,0
5806,0
5810,0
5812,0
5818,0
5819,0
5821,0
5824,0
5827,0
5828,0
5829,0
5832,0
5835,0
5836,0
5837,0
5841,0
5842,0
5844,0
5845,0
5846,0
5854,0
5857,0
5860,0
5861,0
5867,0
5868,0
5872,0
5878,0
5879,0
5884,0
5895,0
5897,0
5899,0
5902,0
5903,0
5904,0
5905,0
5907,0
5910,0
5915,0
5917,0
5918,0
5921,0
5927,0
5929,0
5933,0
5936,0
5943,0
5945,0
5947,0
5949,0
5952,0
5953,0
5956,0
5957,0
5958,0
5959,0
5960,0
5962,0
5964,0
5979,0
5981,0
5982,0
5985,0
5986,0
5987,0
5990,0
5992,0
5994,0
5997,0
6001,0
6002,0
6006,0
6007,0
6008,0
6009,0
6011,0
6013,0
6014,0
6015,0
6017,0
6018,0
6021,0
6022,0
6025,0
6026,0
6029,0
6033,0
6034,0
6036,0
6039,0
6042,0
6045,0
6046,0
6048,0
6054,0
6057,0
6059,0
6061,0
6064,0
6069,0
6072,0
6074,0
6075,0
6079,0
6081,0
6082,0
6083,0
6090,0
6096,0
6103,0
6104,0
6106,0
6107,0
6108,0
6110,0
6111,0
6117,0
6118,0
6120,0
6121,0
6127,0
6128,0
6129,0
6130,0
6131,0
6137,0
6139,0
6140,0
6147,0
6152,0
6156,0
6157,0
6160,0
6165,0
6169,0
6171,0
6174,0
6176,0
6177,0
6178,0
6180,0
6181,0
6184,0
6185,0
6187,0
6188,0
6189,0
6190,0
6191,0
6193,0
6196,0
6202,0
6204,0
6206,0
6207,0
6208,0
6209,0
6211,0
6212,0
6214,0
6215,0
6216,0
6217,0
6218,0
6227,0
6231,0
6238,0
6249,0
6250,0
6253,0
6257,0
6258,0
6259,0
6262,0
6264,0
6265,0
6266,0
6269,0
6272,0
6274,0
6278,0
6279,0
6281,0
6283,0
6286,0
6288,0
6291,0
6292,0
6294,0
6297,0
6298,0
6300,0
6301,0
6302,0
6306,0
6309,0
6311,0
6312,0
6313,0
6318,0
6320,0
6321,0
6324,0
6325,0
6332,0
6334,0
6335,0
6341,0
6344,0
6347,0
6348,0
6349,0
6350,0
6352,0
6354,0
6358,0
6359,0
6360,0
6363,0
6369,0
6370,0
6371,0
6372,0
6374,0
6375,0
6379,0
6381,0
6382,0
6385,0
6388,0
6389,0
6393,0
6396,0
6397,0
6399,0
6400,0
6401,0
6402,0
6403,0
6405,0
6406,0
6411,0
6413,0
6416,0
6417,0
6418,0
6421,0
6425,0
6427,0
6429,0
6431,0
6436,0
6440,0
6441,0
6444,0
6446,0
6447,0
6449,0
6450,0
6451,0
6453,0
6454,0
6455,0
6457,0
6459,0
6460,0
6462,0
6463,0
6464,0
6473,0
6479,0
6480,0
6481,0
6483,0
6490,0
6491,0
6492,0
6493,0
6496,0
6497,0
6498,0
6501,0
6502,0
6504,0
6505,0
6506,0
6507,0
6508,0
6510,0
6511,0
6512,0
6515,0
6518,0
6524,0
6536,0
6538,0
6541,0
6548,0
6549,0
6552,0
6557,0
6559,0
6561,0
6563,0
6565,0
6566,0
6567,0
6569,0
6570,0
6573,0
6574,0
6576,0
6577,0
6580,0
6581,0
6583,0
6586,0
6588,0
6590,0
6591,0
6593,0
6595,0
6598,0
6600,0
6607,0
6608,0
6610,0
6611,0
6613,0
6615,0
6616,0
6619,0
6621,0
6622,0
6625,0
6630,0
6631,0
6639,0
6641,0
6644,0
6645,0
6646,0
6647,0
6650,0
6651,0
6652,0
6653,0
6657,0
6658,0
6659,0
6660,0
6661,0
6662,0
6664,0
6666,0
6671,0
6673,0
6679,0
6681,0
6692,0
6693,0
6700,0
6703,0
6705,0
6707,0
6711,0
6712,0
6713,0
6714,0
6715,0
6718,0
6722,0
6725,0
6726,0
6731,0
6732,0
6734,0
6738,0
6744,0
6746,0
6747,0
6750,0
6751,0
6753,0
6758,0
6767,0
6770,0
6771,0
6773,0
6775,0
6778,0
6781,0
6783,0
6784,0
6790,0
6793,0
6795,0
6798,0
6802,0
6811,0
6818,0
6819,0
6820,0
6821,0
6826,0
6827,0
6828,0
6829,0
6830,0
6832,0
6835,0
6836,0
6837,0
6838,0
6840,0
6842,0
6843,0
6846,0
6851,0
6856,0
6857,0
6859,0
6860,0
6863,0
6866,0
6876,0
6879,0
6882,0
6888,0
6889,0
6892,0
6893,0
6897,0
6900,0
6903,0
6904,0
6905,0
6906,0
6908,0
6909,0
6913,0
6920,0
6924,0
6931,0
6933,0
6937,0
6938,0
6939,0
6940,0
6941,0
6943,0
6945,0
6948,0
6952,0
6956,0
6960,0
6963,0
6966,0
6969,0
6972,0
6973,0
6974,0
6975,0
6977,0
6980,0
6983,0
6987,0
6988,0
6991,0
6992,0
6993,0
6996,0
7000,0
7006,0
7007,0
7009,0
7010,0
7014,0
7022,0
7023,0
7029,0
7032,0
7033,0
7034,0
7037,0
7038,0
7042,0
7043,0
7044,0
7049,0
7054,0
7059,0
7062,0
7068,0
7069,0
7071,0
7072,0
7074,0
7076,0
7080,0
7088,0
7090,0
7091,0
7095,0
7096,0
7098,0
7100,0
7101,0
7111,0
7112,0
7113,0
7114,0
7116,0
7120,0
7122,0
7125,0
7126,0
7127,0
7128,0
7130,0
7131,0
7134,0
7135,0
7136,0
7137,0
7139,0
7142,0
7143,0
7144,0
7149,0
7151,0
7152,0
7153,0
7154,0
7157,0
7158,0
7159,0
7163,0
7164,0
7174,0
7180,0
7184,0
7187,0
7188,0
7190,0
7201,0
7203,0
7207,0
7213,0
7214,0
7220,0
7222,0
7224,0
7226,0
7227,0
7230,0
7231,0
7232,0
7234,0
7236,0
7237,0
7242,0
7243,0
7244,0
7245,0
7248,0
7255,0
7257,0
7259,0
7260,0
7261,0
7263,0
7264,0
7268,0
7271,0
7277,0
7278,0
7279,0
7280,0
7283,0
7284,0
7286,0
7287,0
7288,0
7289,0
7290,0
7291,0
7292,0
7294,0
7297,0
7298,0
7302,0
7306,0
7309,0
7318,0
7319,0
7323,0
7324,0
7327,0
7330,0
7334,0
7337,0
7338,0
7339,0
7341,0
7343,0
7346,0
7349,0
7350,0
7351,0
7357,0
7359,0
7371,0
7374,0
7382,0
7384,0
7385,0
7386,0
7388,0
7390,0
7392,0
7393,0
7400,0
7401,0
7406,0
7409,0
7410,0
7413,0
7414,0
7416,0
7417,0
7421,0
7422,0
7424,0
7425,0
7426,0
7431,0
7432,0
7435,0
7436,0
7439,0
7441,0
7442,0
7444,0
7445,0
7451,0
7452,0
7456,0
7457,0
7458,0
7459,0
7464,0
7468,0
7472,0
7473,0
7476,0
7480,0
7482,0
7484,0
7485,0
7486,0
7490,0
7492,0
7495,0
7498,0
7499,0
7500,0
7508,0
7514,0
7515,0
7516,0
7517,0
7520,0
7524,0
7525,0
7526,0
7528,0
7529,0
7532,0
7534,0
7535,0
7537,0
7538,0
7539,0
7544,0
7547,0
7551,0
7558,0
7563,0
7569,0
7572,0
7574,0
7576,0
7579,0
7580,0
7584,0
7587,0
7588,0
7589,0
7593,0
7595,0
7597,0
7599,0
7602,0
7604,0
7605,0
7608,0
7609,0
7611,0
7613,0
7616,0
7623,0
7624,0
7625,0
7627,0
7628,0
7631,0
7632,0
7635,0
7637,0
7638,0
7640,0
7641,0
7644,0
7645,0
7646,0
7648,0
7651,0
7654,0
7655,0
7656,0
7658,0
7660,0
7662,0
7663,0
7665,0
7667,0
7668,0
7669,0
7671,0
7674,0
7678,0
7679,0
7680,0
7681,0
7685,0
7689,0
7691,0
7694,0
7695,0
7696,0
7697,0
7698,0
7700,0
7702,0
7703,0
7705,0
7710,0
7713,0
7718,0
7720,0
7721,0
7723,0
7725,0
7726,0
7727,0
7729,0
7730,0
7733,0
7734,0
7738,0
7742,0
7743,0
7744,0
7745,0
7746,0
7751,0
7752,0
7755,0
7757,0
7758,0
7759,0
7762,0
7763,0
7767,0
7771,0
7772,0
7773,0
7775,0
7778,0
7779,0
7780,0
7782,0
7785,0
7787,0
7788,0
7792,0
7793,0
7795,0
7797,0
7798,0
7799,0
7803,0
7805,0
7806,0
7808,0
7809,0
7811,0
7812,0
7813,0
7814,0
7817,0
7818,0
7819,0
7820,0
7823,0
7825,0
7826,0
7827,0
7833,0
7838,0
7839,0
7840,0
7841,0
7842,0
7844,0
7848,0
7849,0
7852,0
7854,0
7856,0
7859,0
7862,0
7863,0
7864,0
7865,0
7867,0
7868,0
7869,0
7872,0
7873,0
7874,0
7875,0
7876,0
7877,0
7879,0
7882,0
7884,0
7885,0
7887,0
7888,0
7890,0
7893,0
7896,0
7897,0
7898,0
7899,0
7903,0
7906,0
7909,0
7910,0
7914,0
7916,0
7917,0
7924,0
7926,0
7929,0
7930,0
7932,0
7937,0
7939,0
7941,0
7943,0
7946,0
7949,0
7950,0
7953,0
7955,0
7956,0
7958,0
7959,0
7963,0
7965,0
7966,0
7972,0
7973,0
7974,0
7977,0
7983,0
7986,0
7987,0
7990,0
7995,0
8001,0
8002,0
8006,0
8014,0
8016,0
8017,0
8020,0
8022,0
8023,0
8032,0
8033,0
8035,0
8040,0
8045,0
8046,0
8047,0
8048,0
8051,0
8052,0
8053,0
8054,0
8055,0
8056,0
8059,0
8063,0
8066,0
8067,0
8069,0
8070,0
8074,0
8075,0
8077,0
8078,0
8079,0
8083,0
8084,0
8086,0
8087,0
8088,0
8089,0
8093,0
8094,0
8096,0
8102,0
8104,0
8107,0
8109,0
8110,0
8112,0
8113,0
8117,0
8119,0
8124,0
8131,0
8134,0
8135,0
8142,0
8143,0
8144,0
8146,0
8152,0
8153,0
8160,0
8161,0
8162,0
8170,0
8173,0
8177,0
8178,0
8181,0
8182,0
8185,0
8194,0
8195,0
8196,0
8197,0
8200,0
8203,0
8205,0
8207,0
8210,0
8213,0
8216,0
8220,0
8226,0
8227,0
8228,0
8229,0
8230,0
8234,0
8238,0
8240,0
8242,0
8243,0
8245,0
8249,0
8253,0
8254,0
8262,0
8263,0
8265,0
8266,0
8267,0
8269,0
8274,0
8276,0
8277,0
8278,0
8282,0
8287,0
8289,0
8290,0
8292,0
8293,0
8295,0
8296,0
8297,0
8299,0
8300,0
8302,0
8303,0
8304,0
8314,0
8316,0
8317,0
8320,0
8321,0
8323,0
8324,0
8325,0
8326,0
8327,0
8328,0
8329,0
8330,0
8333,0
8337,0
8338,0
8340,0
8341,0
8342,0
8349,0
8351,0
8352,0
8355,0
8357,0
8361,0
8363,0
8368,0
8369,0
8371,0
8372,0
8373,0
8374,0
8376,0
8382,0
8390,0
8395,0
8396,0
8403,0
8408,0
8412,0
8419,0
8420,0
8421,0
8423,0
8425,0
8429,0
8433,0
8435,0
8436,0
8442,0
8444,0
8445,0
8446,0
8448,0
8450,0
8455,0
8456,0
8457,0
8459,0
8462,0
8464,0
8465,0
8466,0
8470,0
8472,0
8474,0
8479,0
8481,0
8483,0
8484,0
8487,0
8488,0
8490,0
8492,0
8495,0
8497,0
8498,0
8501,0
8503,0
8504,0
8507,0
8512,0
8514,0
8519,0
8521,0
8522,0
8523,0
8524,0
8525,0
8527,0
8536,0
8540,0
8542,0
8543,0
8545,0
8550,0
8552,0
8554,0
8556,0
8558,0
8561,0
8562,0
8567,0
8570,0
8575,0
8579,0
8588,0
8589,0
8595,0
8596,0
8602,0
8603,0
8604,0
8605,0
8607,0
8608,0
8609,0
8612,0
8614,0
8616,0
8626,0
8628,0
8631,0
8632,0
8636,0
8640,0
8641,0
8644,0
8647,0
8650,0
8652,0
8657,0
8659,0
8660,0
8668,0
8670,0
8671,0
8674,0
8675,0
8677,0
8679,0
8680,0
8681,0
8682,0
8686,0
8691,0
8692,0
8693,0
8695,0
8696,0
8698,0
8701,0
8703,0
8704,0
8707,0
8709,0
8714,0
8717,0
8718,0
8719,0
8720,0
8723,0
8724,0
8725,0
8726,0
8728,0
8729,0
8730,0
8737,0
8738,0
8741,0
8742,0
8743,0
8745,0
8746,0
8748,0
8749,0
8750,0
8755,0
8756,0
8757,0
8760,0
8761,0
8762,0
8763,0
8764,0
8766,0
8767,0
8768,0
8774,0
8775,0
8777,0
8779,0
8784,0
8788,0
8791,0
8794,0
8796,0
8799,0
8802,0
8803,0
8804,0
8805,0
8816,0
8825,0
8826,0
8828,0
8830,0
8833,0
8834,0
8837,0
8844,0
8846,0
8851,0
8864,0
8866,0
8872,0
8876,0
8881,0
8882,0
8883,0
8887,0
8888,0
8891,0
8895,0
8897,0
8898,0
8899,0
8901,0
8903,0
8904,0
8906,0
8907,0
8908,0
8912,0
8913,0
8914,0
8917,0
8918,0
8921,0
8922,0
8927,0
8935,0
8939,0
8942,0
8943,0
8945,0
8946,0
8951,0
8954,0
8957,0
8958,0
8962,0
8965,0
8967,0
8968,0
8973,0
8975,0
8977,0
8978,0
8987,0
8988,0
8996,0
9000,0
9005,0
9009,0
9013,0
9015,0
9016,0
9021,0
9024,0
9026,0
9027,0
9033,0
9035,0
9041,0
9043,0
9044,0
9051,0
9052,0
9053,0
9057,0
9059,0
9063,0
9066,0
9067,0
9068,0
9082,0
9085,0
9087,0
9090,0
9092,0
9101,0
9102,0
9104,0
9111,0
9114,0
9115,0
9117,0
9118,0
9120,0
9122,0
9127,0
9130,0
9142,0
9143,0
9148,0
9156,0
9157,0
9159,0
9161,0
9162,0
9163,0
9173,0
9174,0
9175,0
9177,0
9178,0
9179,0
9182,0
9183,0
9190,0
9193,0
9201,0
9203,0
9205,0
9206,0
9207,0
9209,0
9211,0
9212,0
9214,0
9215,0
9219,0
9220,0
9221,0
9222,0
9224,0
9230,0
9232,0
9233,0
9234,0
9235,0
9237,0
9239,0
9248,0
9251,0
9252,0
9254,0
9255,0
9256,0
9258,0
9262,0
9263,0
9264,0
9265,0
9267,0
9268,0
9270,0
9271,0
9273,0
9276,0
9279,0
9280,0
9282,0
9283,0
9285,0
9287,0
9290,0
9301,0
9303,0
9310,0
9316,0
9319,0
9326,0
9327,0
9329,0
9332,0
9333,0
9334,0
9343,0
9346,0
9347,0
9348,0
9360,0
9361,0
9362,0
9366,0
9370,0
9371,0
9376,0
9379,0
9380,0
9383,0
9384,0
9386,0
9388,0
9389,0
9390,0
9392,0
9398,0
9402,0
9407,0
9408,0
9410,0
9412,0
9415,0
9418,0
9421,0
9431,0
9432,0
9434,0
9437,0
9445,0
9449,0
9451,0
9457,0
9459,0
9460,0
9462,0
9463,0
9465,0
9466,0
9467,0
9468,0
9470,0
9477,0
9483,0
9484,0
9486,0
9488,0
9489,0
9492,0
9494,0
9495,0
9499,0
9501,0
9505,0
9507,0
9508,0
9509,0
9510,0
9511,0
9512,0
9515,0
9516,0
9517,0
9520,0
9521,0
9523,0
9524,0
9525,0
9526,0
9528,0
9530,0
9531,0
9536,0
9537,0
9539,0
9540,0
9545,0
9556,0
9561,0
9565,0
9566,0
9569,0
9570,0
9571,0
9577,0
9579,0
9581,0
9583,0
9584,0
9588,0
9589,0
9594,0
9599,0
9601,0
9603,0
9605,0
9606,0
9609,0
9615,0
9619,0
9620,0
9622,0
9623,0
9629,0
9630,0
9634,0
9636,0
9641,0
9644,0
9645,0
9646,0
9647,0
9649,0
9650,0
9652,0
9653,0
9655,0
9656,0
9657,0
9660,0
9664,0
9665,0
9666,0
9670,0
9672,0
9673,0
9674,0
9681,0
9682,0
9684,0
9685,0
9687,0
9691,0
9693,0
9694,0
9696,0
9697,0
9703,0
9706,0
9707,0
9709,0
9711,0
9712,0
9713,0
9714,0
9719,0
9725,0
9733,0
9736,0
9738,0
9741,0
9743,0
9744,0
9750,0
9751,0
9754,0
9755,0
9757,0
9760,0
9762,0
9764,0
9771,0
9773,0
9774,0
9775,0
9776,0
9777,0
9778,0
9779,0
9780,0
9781,0
9782,0
9789,0
9791,0
9793,0
9794,0
9795,0
9804,0
9806,0
9812,0
9814,0
9817,0
9820,0
9823,0
9824,0
9828,0
9830,0
9834,0
9835,0
9836,0
9840,0
9841,0
9842,0
9852,0
9855,0
9857,0
9867,0
9868,0
9869,0
9871,0
9874,0
9876,0
9877,0
9880,0
9883,0
9886,0
9887,0
9888,0
9889,0
9892,0
9895,0
9896,0
9897,0
9898,0
9900,0
9901,0
9904,0
9905,0
9907,0
9908,0
9911,0
9912,0
9913,0
9914,0
9916,0
9918,0
9919,0
9921,0
9922,0
9927,0
9932,0
9934,0
9935,0
9937,0
9938,0
9942,0
9943,0
9944,0
9948,0
9949,0
9950,0
9954,0
9961,0
9964,0
9965,0
9966,0
9968,0
9970,0
9971,0
9972,0
9977,0
9981,0
9984,0
9985,0
9988,0
9995,0
9998,0
10000,0
10001,0
10003,0
10004,0
10005,0
10007,0
10012,0
10016,0
10021,0
10023,0
10026,0
10027,0
10030,0
10033,0
10040,0
10047,0
10051,0
10055,0
10056,0
10064,0
10065,0
10067,0
10071,0
10077,0
10078,0
10082,0
10083,0
10087,0
10089,0
10091,0
10093,0
10096,0
10097,0
10098,0
10104,0
10106,0
10110,0
10113,0
10120,0
10123,0
10124,0
10126,0
10134,0
10136,0
10143,0
10145,0
10148,0
10154,0
10156,0
10159,0
10160,0
10163,0
10167,0
10169,0
10174,0
10175,0
10176,0
10179,0
10180,0
10183,0
10187,0
10189,0
10190,0
10191,0
10192,0
10196,0
10197,0
10198,0
10200,0
10201,0
10202,0
10209,0
10210,0
10212,0
10216,0
10219,0
10223,0
10224,0
10226,0
10228,0
10229,0
10233,0
10234,0
10238,0
10242,0
10244,0
10245,0
10246,0
10247,0
10248,0
10249,0
10253,0
10254,0
10255,0
10257,0
10262,0
10271,0
10274,0
10276,0
10281,0
10282,0
10284,0
10286,0
10288,0
10290,0
10295,0
10296,0
10298,0
10301,0
10303,0
10304,0
10307,0
10308,0
10310,0
10312,0
10313,0
10314,0
10315,0
10316,0
10319,0
10320,0
10321,0
10327,0
10329,0
10333,0
10337,0
10339,0
10340,0
10342,0
10344,0
10345,0
10349,0
10350,0
10351,0
10356,0
10370,0
10372,0
10373,0
10377,0
10379,0
10381,0
10383,0
10384,0
10387,0
10388,0
10389,0
10392,0
10393,0
10396,0
10397,0
10401,0
10402,0
10405,0
10406,0
10408,0
10409,0
10414,0
10415,0
10416,0
10417,0
10419,0
10421,0
10422,0
10424,0
10425,0
10426,0
10427,0
10428,0
10429,0
10433,0
10435,0
10436,0
10437,0
10438,0
10439,0
10441,0
10442,0
10446,0
10451,0
10454,0
10457,0
10458,0
10460,0
10462,0
10463,0
10465,0
10466,0
10467,0
10468,0
10469,0
10473,0
10483,0
10484,0
10488,0
10490,0
10491,0
10493,0
10502,0
10503,0
10505,0
10507,0
10508,0
10509,0
10511,0
10514,0
10518,0
10519,0
10521,0
10522,0
10525,0
10529,0
10530,0
10533,0
10536,0
10539,0
10541,0
10543,0
10549,0
10550,0
10551,0
10553,0
10554,0
10555,0
10557,0
10558,0
10561,0
10562,0
10563,0
10565,0
10568,0
10570,0
10571,0
10574,0
10576,0
10577,0
10578,0
10580,0
10581,0
10586,0
10588,0
10595,0
10597,0
10598,0
10599,0
10600,0
10602,0
10603,0
10605,0
10606,0
10607,0
10609,0
10615,0
10619,0
10620,0
10621,0
10623,0
10624,0
10630,0
10638,0
10639,0
10641,0
10643,0
10648,0
10650,0
10652,0
10654,0
10659,0
10661,0
10665,0
10667,0
10668,0
10669,0
10671,0
10673,0
10676,0
10680,0
10683,0
10684,0
10685,0
10686,0
10687,0
10688,0
10689,0
10691,0
10694,0
10695,0
10696,0
10703,0
10708,0
10711,0
10712,0
10714,0
10718,0
10719,0
10722,0
10723,0
10730,0
10731,0
10732,0
10735,0
10738,0
10740,0
10741,0
10754,0
10757,0
10761,0
10767,0
10768,0
10773,0
10776,0
10777,0
10778,0
10780,0
10781,0
10784,0
10785,0
10787,0
10795,0
10796,0
10800,0
10801,0
10808,0
10811,0
10813,0
10819,0
10821,0
10823,0
10826,0
10828,0
10829,0
10833,0
10836,0
10844,0
10845,0
10846,0
10849,0
10850,0
10855,0
10858,0
10861,0
10862,0
10865,0
10866,0
10868,0
10874,0
10875,0
10877,0
10879,0
10882,0
10884,0
10886,0
10894,0
10896,0
10900,0
10901,0
10902,0
10905,0
10906,0
10913,0
10916,0
10924,0
10925,0
10928,0
10931,0
10933,0
10934,0
10937,0
10938,0
10939,0
10941,0
10942,0
10944,0
10945,0
10948,0
10951,0
10953,0
10954,0
10955,0
10959,0
10960,0
10962,0
10963,0
10965,0
10966,0
10973,0
10974,0
10980,0
10981,0
10982,0
10983,0
10988,0
10989,0
10991,0
10994,0
10995,0
11000,0
11004,0
11006,0
11008,0
11009,0
11013,0
11016,0
11017,0
11018,0
11022,0
11027,0
11028,0
11029,0
11031,0
11032,0
11038,0
11040,0
11042,0
11044,0
11046,0
11048,0
11050,0
11053,0
11054,0
11055,0
11057,0
11058,0
11060,0
11061,0
11064,0
11066,0
11067,0
11069,0
11071,0
11077,0
11080,0
11090,0
11094,0
11099,0
11101,0
11104,0
11109,0
11110,0
11114,0
11126,0
11129,0
11130,0
11134,0
11136,0
11138,0
11140,0
11142,0
11143,0
11146,0
11148,0
11150,0
11151,0
11153,0
11154,0
11155,0
11161,0
11165,0
11167,0
11175,0
11176,0
11178,0
11179,0
11180,0
11184,0
11187,0
11190,0
11192,0
11194,0
11196,0
11197,0
11201,0
11213,0
11217,0
11223,0
11228,0
11229,0
11232,0
11233,0
11234,0
11241,0
11245,0
11250,0
11252,0
11256,0
11257,0
11260,0
11264,0
11265,0
11266,0
11267,0
11269,0
11270,0
11272,0
11274,0
11278,0
11283,0
11286,0
11288,0
11293,0
11296,0
11297,0
11302,0
11303,0
11312,0
11313,0
11324,0
11327,0
11329,0
11330,0
11331,0
11334,0
11337,0
11340,0
11343,0
11350,0
11352,0
11353,0
11357,0
11359,0
11365,0
11367,0
11369,0
11372,0
11376,0
11377,0
11379,0
11380,0
11381,0
11382,0
11383,0
11386,0
11389,0
11390,0
11391,0
11392,0
11393,0
11395,0
11396,0
11399,0
11400,0
11401,0
11407,0
11411,0
11412,0
11414,0
11416,0
11418,0
11423,0
11425,0
11433,0
11436,0
11438,0
11439,0
11444,0
11446,0
11456,0
11460,0
11463,0
11464,0
11467,0
11468,0
11469,0
11473,0
11475,0
11476,0
11479,0
11480,0
11482,0
11485,0
11486,0
11488,0
11491,0
11492,0
11493,0
11495,0
11500,0
11501,0
11504,0
11509,0
11510,0
11513,0
11514,0
11525,0
11526,0
11528,0
11532,0
11534,0
11535,0
11538,0
11540,0
11542,0
11543,0
11544,0
11546,0
11549,0
11551,0
11555,0
11559,0
11564,0
11565,0
11567,0
11571,0
11572,0
11580,0
11581,0
11583,0
11586,0
11588,0
11589,0
11591,0
11595,0
11597,0
11598,0
11601,0
11602,0
11605,0
11606,0
11610,0
11611,0
11612,0
11613,0
11618,0
11620,0
11621,0
11622,0
11625,0
11629,0
11632,0
11633,0
11634,0
11638,0
11640,0
11642,0
11645,0
11647,0
11649,0
11651,0
11652,0
11653,0
11654,0
11660,0
11664,0
11666,0
11668,0
11672,0
11674,0
11677,0
11678,0
11679,0
11680,0
11681,0
11683,0
11685,0
11687,0
11689,0
11691,0
11697,0
11699,0
11702,0
11703,0
11708,0
11710,0
11711,0
11715,0
11716,0
11717,0
11720,0
11721,0
11727,0
11728,0
11730,0
11732,0
11736,0
11737,0
11739,0
11740,0
11741,0
11743,0
11749,0
11750,0
11751,0
11753,0
11754,0
11756,0
11757,0
11768,0
11770,0
11772,0
11775,0
11782,0
11784,0
11787,0
11788,0
11789,0
11794,0
11807,0
11808,0
11811,0
11813,0
11814,0
11817,0
11822,0
11825,0
11826,0
11827,0
11829,0
11830,0
11834,0
11836,0
11840,0
11841,0
11844,0
11847,0
11853,0
11857,0
11858,0
11863,0
11864,0
11865,0
11867,0
11868,0
11878,0
11879,0
11882,0
11883,0
11884,0
11886,0
11888,0
11890,0
11892,0
11893,0
11895,0
11898,0
11899,0
11900,0
11904,0
11912,0
11913,0
11914,0
11917,0
11923,0
11925,0
11927,0
11928,0
11930,0
11933,0
11938,0
11941,0
11942,0
11948,0
11950,0
11952,0
11954,0
11959,0
11961,0
11962,0
11963,0
11964,0
11965,0
11968,0
11973,0
11974,0
11977,0
11980,0
11981,0
11982,0
11983,0
11984,0
11989,0
11990,0
11994,0
11998,0
12000,0
12003,0
12006,0
12009,0
12010,0
12015,0
12017,0
12019,0
12022,0
12024,0
12026,0
12027,0
12028,0
12030,0
12032,0
12035,0
12039,0
12040,0
12042,0
12043,0
12047,0
12048,0
12055,0
12058,0
12059,0
12062,0
12065,0
12067,0
12068,0
12070,0
12072,0
12075,0
12076,0
12078,0
12082,0
12092,0
12095,0
12098,0
12099,0
12100,0
12102,0
12103,0
12106,0
12110,0
12111,0
12114,0
12115,0
12118,0
12119,0
12124,0
12125,0
12126,0
12128,0
12129,0
12133,0
12136,0
12138,0
12139,0
12142,0
12146,0
12150,0
12151,0
12154,0
12155,0
12159,0
12160,0
12161,0
12162,0
12164,0
12176,0
12177,0
12180,0
12181,0
12183,0
12190,0
12191,0
12195,0
12200,0
12201,0
12203,0
12208,0
12212,0
12213,0
12215,0
12217,0
12219,0
12221,0
12224,0
12225,0
12230,0
12232,0
12233,0
12235,0
12236,0
12237,0
12238,0
12240,0
12244,0
12245,0
12247,0
12252,0
12253,0
12255,0
12256,0
12257,0
12261,0
12263,0
12264,0
12266,0
12269,0
12271,0
12274,0
12275,0
12277,0
12279,0
12282,0
12284,0
12285,0
12290,0
12297,0
12299,0
12304,0
12305,0
12306,0
12307,0
12308,0
12310,0
12311,0
12313,0
12326,0
12328,0
12330,0
12334,0
12335,0
12339,0
12340,0
12341,0
12345,0
12346,0
12347,0
12349,0
12351,0
12359,0
12361,0
12362,0
12370,0
12371,0
12372,0
12373,0
12376,0
12377,0
12383,0
12387,0
12388,0
12389,0
12390,0
12392,0
12398,0
12399,0
12403,0
12404,0
12405,0
12406,0
12408,0
12410,0
12414,0
12415,0
12416,0
12419,0
12420,0
12422,0
12432,0
12434,0
12435,0
12437,0
12443,0
12449,0
12454,0
12461,0
12462,0
12463,0
12466,0
12468,0
12469,0
12470,0
12471,0
12482,0
12483,0
12485,0
12492,0
12493,0
12495,0
12496,0
12502,0
12503,0
12504,0
12506,0
12510,0
12511,0
12514,0
12515,0
12516,0
12520,0
12521,0
12522,0
12525,0
12527,0
12532,0
12535,0
12537,0
12539,0
12545,0
12550,0
12551,0
12553,0
12554,0
12559,0
12564,0
12570,0
12573,0
12574,0
12575,0
12579,0
12580,0
12581,0
12582,0
12583,0
12585,0
12586,0
12592,0
12594,0
12596,0
12599,0
12600,0
12601,0
12603,0
12604,0
12607,0
12611,0
12614,0
12615,0
12618,0
12619,0
12620,0
12622,0
12624,0
12627,0
12629,0
12632,0
12633,0
12634,0
12635,0
12637,0
12639,0
12642,0
12644,0
12647,0
12651,0
12654,0
12655,0
12659,0
12664,0
12675,0
12676,0
12677,0
12678,0
12679,0
12680,0
12681,0
12683,0
12685,0
12686,0
12689,0
12690,0
12691,0
12692,0
12694,0
12695,0
12700,0
12706,0
12709,0
12711,0
12715,0
12717,0
12718,0
12720,0
12726,0
12727,0
12734,0
12737,0
12738,0
12743,0
12744,0
12750,0
12753,0
12754,0
12756,0
12758,0
12760,0
12762,0
12764,0
12766,0
12768,0
12770,0
12771,0
12772,0
12773,0
12775,0
12781,0
12784,0
12785,0
12792,0
12793,0
12805,0
12809,0
12811,0
12815,0
12816,0
12819,0
12820,0
12822,0
12823,0
12824,0
12826,0
12828,0
12831,0
12833,0
12837,0
12840,0
12842,0
12846,0
12851,0
12852,0
12856,0
12857,0
12858,0
12859,0
12860,0
12862,0
12866,0
12875,0
12883,0
12886,0
12887,0
12888,0
12902,0
12903,0
12904,0
12906,0
12907,0
12909,0
12912,0
12913,0
12914,0
12915,0
12918,0
12920,0
12926,0
12927,0
12928,0
12933,0
12934,0
12937,0
12938,0
12941,0
12942,0
12943,0
12946,0
12948,0
12949,0
12951,0
12955,0
12958,0
12959,0
12960,0
12961,0
12963,0
12964,0
12965,0
12969,0
12972,0
12973,0
12974,0
12981,0
12983,0
12986,0
12988,0
12991,0
12997,0
12998,0
13000,0
13001,0
13004,0
13006,0
13007,0
13009,0
13010,0
13012,0
13013,0
13014,0
13015,0
13016,0
13018,0
13019,0
13021,0
13022,0
13025,0
13027,0
13030,0
13032,0
13039,0
13040,0
13045,0
13046,0
13048,0
13050,0
13052,0
13053,0
13054,0
13058,0
13061,0
13063,0
13067,0
13071,0
13072,0
13075,0
13076,0
13079,0
13080,0
13081,0
13082,0
13085,0
13089,0
13090,0
13095,0
13096,0
13097,0
13099,0
13100,0
13106,0
13107,0
13109,0
13117,0
13123,0
13124,0
13125,0
13130,0
13131,0
13134,0
13135,0
13136,0
13139,0
13144,0
13145,0
13147,0
13148,0
13154,0
13156,0
13158,0
13159,0
13162,0
13163,0
13167,0
13169,0
13171,0
13172,0
13174,0
13176,0
13180,0
13183,0
13186,0
13189,0
13191,0
13192,0
13195,0
13197,0
13198,0
13205,0
13207,0
13212,0
13213,0
13215,0
13216,0
13218,0
13219,0
13223,0
13225,0
13226,0
13229,0
13231,0
13232,0
13235,0
13236,0
13241,0
13245,0
13247,0
13251,0
13252,0
13253,0
13254,0
13257,0
13258,0
13259,0
13262,0
13268,0
13270,0
13272,0
13274,0
13282,0
13283,0
13285,0
13286,0
13289,0
13291,0
13293,0
13298,0
13302,0
13304,0
13311,0
13315,0
13325,0
13335,0
13343,0
13348,0
13352,0
13353,0
13354,0
13355,0
13356,0
13359,0
13369,0
13371,0
13372,0
13375,0
13376,0
13379,0
13381,0
13382,0
13388,0
13389,0
13395,0
13396,0
13397,0
13399,0
13401,0
13409,0
13411,0
13413,0
13414,0
13418,0
13421,0
13426,0
13427,0
13432,0
13435,0
13437,0
13438,0
13444,0
13446,0
13449,0
13451,0
13453,0
13454,0
13457,0
13458,0
13459,0
13460,0
13461,0
13462,0
13463,0
13467,0
13468,0
13471,0
13473,0
13474,0
13475,0
13476,0
13477,0
13478,0
13479,0
13484,0
13485,0
13487,0
13493,0
13494,0
13495,0
13497,0
13502,0
13506,0
13510,0
13511,0
13512,0
13515,0
13516,0
13519,0
13520,0
13524,0
13526,0
13528,0
13533,0
13541,0
13546,0
13552,0
13558,0
13565,0
13566,0
13567,0
13568,0
13569,0
13577,0
13580,0
13587,0
13588,0
13589,0
13590,0
13592,0
13593,0
13597,0
13598,0
13600,0
13601,0
13604,0
13605,0
13607,0
13616,0
13617,0
13619,0
13621,0
13622,0
13623,0
13625,0
13627,0
13629,0
13633,0
13638,0
13642,0
13644,0
13648,0
13650,0
13655,0
13657,0
13659,0
13660,0
13661,0
13665,0
13667,0
13669,0
13671,0
13675,0
13678,0
13683,0
13687,0
13688,0
13690,0
13691,0
13693,0
13697,0
13701,0
13703,0
13705,0
13707,0
13708,0
13709,0
13710,0
13716,0
13720,0
13723,0
13724,0
13731,0
13733,0
13735,0
13737,0
13740,0
13742,0
13743,0
13747,0
13753,0
13755,0
13758,0
13759,0
13772,0
13773,0
13779,0
13781,0
13783,0
13787,0
13788,0
13790,0
13792,0
13793,0
13794,0
13796,0
13798,0
13799,0
13800,0
13801,0
13802,0
13803,0
13807,0
13811,0
13812,0
13816,0
13817,0
13818,0
13819,0
13820,0
13822,0
13823,0
13824,0
13825,0
13827,0
13830,0
13833,0
13835,0
13841,0
13846,0
13847,0
13848,0
13849,0
13851,0
13852,0
13853,0
13856,0
13858,0
13861,0
13865,0
13872,0
13877,0
13878,0
13879,0
13880,0
13884,0
13887,0
13888,0
13891,0
13892,0
13895,0
13897,0
13902,0
13904,0
13908,0
13909,0
13917,0
13918,0
13931,0
13932,0
13933,0
13937,0
13939,0
13942,0
13943,0
13944,0
13948,0
13949,0
13950,0
13951,0
13952,0
13953,0
13954,0
13960,0
13965,0
13966,0
13968,0
13971,0
13973,0
13977,0
13978,0
13979,0
13982,0
13983,0
13986,0
13987,0
13989,0
13990,0
13991,0
13992,0
13993,0
13994,0
13996,0
13997,0
13998,0
14003,0
14008,0
14009,0
14011,0
14013,0
14014,0
14016,0
14018,0
14022,0
14023,0
14024,0
14025,0
14026,0
14027,0
14029,0
14030,0
14031,0
14032,0
14034,0
14035,0
14036,0
14040,0
14043,0
14044,0
14046,0
14047,0
14048,0
14049,0
14050,0
14051,0
14053,0
14062,0
14064,0
14068,0
14072,0
14075,0
14084,0
14085,0
14093,0
14094,0
14095,0
14098,0
14099,0
14103,0
14105,0
14106,0
14107,0
14109,0
14110,0
14111,0
14112,0
14118,0
14119,0
14121,0
14124,0
14125,0
14129,0
14131,0
14135,0
14137,0
14140,0
14141,0
14151,0
14153,0
14161,0
14163,0
14164,0
14165,0
14167,0
14169,0
14171,0
14174,0
14179,0
14188,0
14190,0
14192,0
14193,0
14196,0
14198,0
14199,0
14201,0
14202,0
14205,0
14206,0
14208,0
14209,0
14211,0
14212,0
14214,0
14217,0
14223,0
14227,0
14229,0
14230,0
14235,0
14236,0
14239,0
14240,0
14244,0
14247,0
14249,0
14251,0
14252,0
14257,0
14261,0
14265,0
14268,0
14272,0
14280,0
14284,0
14287,0
14291,0
14294,0
14296,0
14302,0
14306,0
14308,0
14310,0
14311,0
14313,0
14314,0
14319,0
14321,0
14323,0
14324,0
14325,0
14327,0
14328,0
14330,0
14332,0
14334,0
14336,0
14340,0
14343,0
14344,0
14351,0
14352,0
14354,0
14359,0
14369,0
14371,0
14373,0
14374,0
14375,0
14380,0
14385,0
14387,0
14390,0
14391,0
14393,0
14394,0
14396,0
14398,0
14403,0
14405,0
14406,0
14407,0
14408,0
14411,0
14412,0
14414,0
14416,0
14418,0
14423,0
14427,0
14428,0
14429,0
14433,0
14435,0
14437,0
14438,0
14440,0
14441,0
14442,0
14448,0
14459,0
14460,0
14462,0
14463,0
14465,0
14466,0
14468,0
14473,0
14474,0
14481,0
14482,0
14491,0
14493,0
14497,0
14502,0
14506,0
14508,0
14509,0
14510,0
14512,0
14513,0
14514,0
14515,0
14516,0
14517,0
14519,0
14522,0
14524,0
14527,0
14528,0
14529,0
14532,0
14533,0
14535,0
14536,0
14537,0
14539,0
14543,0
14550,0
14553,0
14556,0
14558,0
14559,0
14563,0
14571,0
14573,0
14577,0
14580,0
14582,0
14583,0
14584,0
14585,0
14588,0
14590,0
14591,0
14592,0
14594,0
14596,0
14597,0
14610,0
14613,0
14615,0
14616,0
14622,0
14625,0
14626,0
14627,0
14629,0
14633,0
14638,0
14640,0
14642,0
14643,0
14645,0
14648,0
14650,0
14651,0
14658,0
14660,0
14661,0
14663,0
14664,0
14669,0
14670,0
14672,0
14679,0
14680,0
14681,0
14682,0
14687,0
14692,0
14693,0
14694,0
14695,0
14700,0
14701,0
14704,0
14705,0
14706,0
14710,0
14717,0
14724,0
14725,0
14728,0
14732,0
14733,0
14735,0
14736,0
14741,0
14743,0
14747,0
14748,0
14750,0
14754,0
14758,0
14759,0
14761,0
14763,0
14764,0
14770,0
14771,0
14772,0
14773,0
14774,0
14781,0
14782,0
14790,0
14794,0
14808,0
14811,0
14816,0
14818,0
14820,0
14822,0
14824,0
14827,0
14831,0
14837,0
14840,0
14841,0
14842,0
14845,0
14848,0
14851,0
14853,0
14859,0
14862,0
14863,0
14865,0
14869,0
14874,0
14882,0
14883,0
14885,0
14886,0
14889,0
14892,0
14894,0
14896,0
14904,0
14911,0
14913,0
14915,0
14916,0
14918,0
14919,0
14923,0
14926,0
14927,0
14930,0
14935,0
14937,0
14940,0
14943,0
14944,0
14945,0
14946,0
14949,0
14951,0
14952,0
14954,0
14957,0
14960,0
14962,0
14963,0
14969,0
14972,0
14974,0
14975,0
14979,0
14983,0
14985,0
14986,0
14988,0
14989,0
14992,0
14994,0
14999,0
15003,0
15007,0
15009,0
15010,0
15011,0
15017,0
15025,0
15031,0
15032,0
15034,0
15037,0
15039,0
15042,0
15044,0
15045,0
15046,0
15048,0
15049,0
15050,0
15055,0
15056,0
15058,0
15059,0
15062,0
15063,0
15066,0
15068,0
15070,0
15072,0
15074,0
15075,0
15076,0
15078,0
15080,0
15081,0
15082,0
15083,0
15085,0
15088,0
15090,0
15091,0
15092,0
15101,0
15107,0
15108,0
15110,0
15116,0
15120,0
15122,0
15123,0
15129,0
15133,0
15134,0
15139,0
15140,0
15145,0
15149,0
15151,0
15152,0
15156,0
15158,0
15160,0
15161,0
15162,0
15164,0
15165,0
15166,0
15168,0
15169,0
15170,0
15171,0
15174,0
15175,0
15182,0
15183,0
15185,0
15187,0
15192,0
15193,0
15194,0
15200,0
15202,0
15204,0
15205,0
15207,0
15208,0
15209,0
15213,0
15216,0
15222,0
15224,0
15225,0
15226,0
15229,0
15231,0
15234,0
15235,0
15243,0
15246,0
15247,0
15257,0
15258,0
15263,0
15271,0
15274,0
15275,0
15277,0
15281,0
15282,0
15285,0
15290,0
15293,0
15294,0
15295,0
15299,0
15300,0
15301,0
15304,0
15307,0
15308,0
15309,0
15311,0
15314,0
15315,0
15319,0
15320,0
15321,0
15324,0
15326,0
15327,0
15328,0
15330,0
15331,0
15333,0
15335,0
15338,0
15340,0
15347,0
15348,0
15350,0
15351,0
15354,0
15362,0
15363,0
15372,0
15374,0
15380,0
15381,0
15383,0
15384,0
15390,0
15392,0
15396,0
15400,0
15401,0
15404,0
15407,0
15409,0
15413,0
15418,0
15423,0
15426,0
15428,0
15431,0
15433,0
15440,0
15441,0
15442,0
15445,0
15447,0
15448,0
15449,0
15450,0
15451,0
15452,0
15453,0
15456,0
15457,0
15458,0
15460,0
15468,0
15469,0
15470,0
15471,0
15473,0
15476,0
15478,0
15479,0
15482,0
15485,0
15487,0
15488,0
15490,0
15491,0
15496,0
15497,0
15498,0
15499,0
15502,0
15504,0
15505,0
15508,0
15509,0
15510,0
15511,0
15514,0
15517,0
15518,0
15519,0
15523,0
15526,0
15527,0
15531,0
15532,0
15533,0
15544,0
15548,0
15552,0
15553,0
15562,0
15565,0
15566,0
15567,0
15568,0
15571,0
15573,0
15581,0
15585,0
15587,0
15590,0
15591,0
15592,0
15594,0
15601,0
15602,0
15609,0
15610,0
15613,0
15617,0
15619,0
15621,0
15623,0
15625,0
15627,0
15629,0
15630,0
15632,0
15633,0
15634,0
15636,0
15641,0
15646,0
15647,0
15655,0
15656,0
15659,0
15660,0
15663,0
15664,0
15665,0
15670,0
15673,0
15674,0
15675,0
15676,0
15677,0
15678,0
15681,0
15685,0
15689,0
15691,0
15692,0
15696,0
15698,0
15703,0
15708,0
15709,0
15712,0
15718,0
15719,0
15720,0
15723,0
15727,0
15731,0
15735,0
15738,0
15739,0
15744,0
15748,0
15749,0
15751,0
15753,0
15758,0
15761,0
15762,0
15769,0
15771,0
15775,0
15783,0
15784,0
15787,0
15789,0
15791,0
15794,0
15795,0
15801,0
15804,0
15808,0
15810,0
15815,0
15816,0
15818,0
15819,0
15820,0
15822,0
15827,0
15832,0
15833,0
15837,0
15840,0
15842,0
15843,0
15846,0
15849,0
15852,0
15853,0
15854,0
15855,0
15857,0
15860,0
15861,0
15869,0
15870,0
15872,0
15873,0
15876,0
15879,0
15881,0
15885,0
15886,0
15888,0
15890,0
15893,0
15898,0
15899,0
15900,0
15903,0
15904,0
15905,0
15906,0
15909,0
15910,0
15911,0
15913,0
15915,0
15919,0
15921,0
15922,0
15925,0
15928,0
15930,0
15934,0
15938,0
15942,0
15946,0
15950,0
15951,0
15953,0
15957,0
15959,0
15962,0
15964,0
15965,0
15971,0
15977,0
15981,0
15983,0
15985,0
15987,0
15989,0
15990,0
15994,0
15997,0
15999,0
16000,0
16003,0
16004,0
16005,0
16011,0
16012,0
16013,0
16014,0
16017,0
16019,0
16021,0
16022,0
16027,0
16028,0
16029,0
16032,0
16033,0
16035,0
16036,0
16038,0
16039,0
16040,0
16041,0
16044,0
16046,0
16051,0
16053,0
16058,0
16060,0
16061,0
16063,0
16064,0
16069,0
16070,0
16072,0
16073,0
16075,0
16078,0
16079,0
16081,0
16084,0
16085,0
16087,0
16088,0
16089,0
16090,0
16098,0
16099,0
16101,0
16103,0
16104,0
16106,0
16109,0
16111,0
16112,0
16117,0
16118,0
16120,0
16121,0
16123,0
16125,0
16130,0
16135,0
16136,0
16139,0
16140,0
16141,0
16143,0
16153,0
16154,0
16155,0
16156,0
16157,0
16158,0
16159,0
16162,0
16166,0
16167,0
16169,0
16170,0
16172,0
16175,0
16180,0
16181,0
16183,0
16184,0
16188,0
16190,0
16191,0
16193,0
16194,0
16195,0
16204,0
16205,0
16208,0
16211,0
16213,0
16216,0
16217,0
16219,0
16223,0
16225,0
16228,0
16237,0
16240,0
16241,0
16242,0
16243,0
16245,0
16246,0
16256,0
16257,0
16258,0
16263,0
16264,0
16266,0
16268,0
16282,0
16285,0
16286,0
16287,0
16288,0
16289,0
16290,0
16292,0
16296,0
16306,0
16311,0
16312,0
16315,0
16317,0
16321,0
16325,0
16326,0
16329,0
16331,0
16332,0
16335,0
16336,0
16339,0
16341,0
16342,0
16349,0
16364,0
16372,0
16375,0
16376,0
16378,0
16380,0
16382,0
16385,0
16386,0
16391,0
16401,0
16402,0
16403,0
16404,0
16406,0
16407,0
16410,0
16412,0
16414,0
16415,0
16423,0
16424,0
16426,0
16427,0
16429,0
16432,0
16434,0
16436,0
16440,0
16441,0
16451,0
16455,0
16459,0
16462,0
16463,0
16464,0
16468,0
16469,0
16472,0
16473,0
16480,0
16483,0
16485,0
16486,0
16487,0
16489,0
16491,0
16495,0
16497,0
16498,0
16501,0
16503,0
16506,0
16508,0
16509,0
16511,0
16512,0
16516,0
16521,0
16523,0
16524,0
16529,0
16530,0
16533,0
16534,0
16535,0
16536,0
16537,0
16538,0
16542,0
16543,0
16547,0
16550,0
16557,0
16561,0
16565,0
16567,0
16570,0
16573,0
16574,0
16576,0
16577,0
16579,0
16584,0
16587,0
16588,0
16591,0
16592,0
16593,0
16595,0
16596,0
16597,0
16599,0
16601,0
16602,0
16608,0
16609,0
16614,0
16617,0
16622,0
16624,0
16629,0
16631,0
16634,0
16635,0
16640,0
16641,0
16645,0
16650,0
16651,0
16652,0
16654,0
16655,0
16657,0
16658,0
16659,0
16661,0
16663,0
16665,0
16667,0
16669,0
16672,0
16674,0
16678,0
16682,0
16687,0
16690,0
16691,0
16696,0
16699,0
16700,0
16701,0
16703,0
16704,0
16706,0
16713,0
16714,0
16717,0
16718,0
16719,0
16720,0
16721,0
16724,0
16733,0
16734,0
16738,0
16743,0
16746,0
16748,0
16751,0
16753,0
16756,0
16757,0
16758,0
16762,0
16763,0
16765,0
16766,0
16768,0
16769,0
16774,0
16775,0
16777,0
16779,0
16781,0
16784,0
16785,0
16786,0
16787,0
16792,0
16794,0
16798,0
16800,0
16806,0
16808,0
16814,0
16815,0
16816,0
16818,0
16820,0
16823,0
16825,0
16827,0
16828,0
16831,0
16832,0
16835,0
16839,0
16842,0
16845,0
16851,0
16855,0
16856,0
16857,0
16862,0
16871,0
16873,0
16877,0
16879,0
16883,0
16887,0
16890,0
16892,0
16893,0
16897,0
16899,0
16901,0
16902,0
16903,0
16906,0
16907,0
16909,0
16910,0
16911,0
16915,0
16916,0
16917,0
16921,0
16924,0
16932,0
16933,0
16936,0
16942,0
16943,0
16945,0
16947,0
16951,0
16952,0
16954,0
16959,0
16965,0
16966,0
16968,0
16969,0
16974,0
16977,0
16979,0
16980,0
16981,0
16982,0
16987,0
16988,0
16990,0
16995,0
16996,0
17002,0
17003,0
17004,0
17005,0
17009,0
17012,0
17013,0
17016,0
17018,0
17019,0
17021,0
17025,0
17028,0
17029,0
17031,0
17035,0
17036,0
17037,0
17040,0
17043,0
17047,0
17048,0
17050,0
17054,0
17057,0
17060,0
17061,0
17062,0
17065,0
17067,0
17069,0
17070,0
17073,0
17081,0
17084,0
17087,0
17090,0
17091,0
17092,0
17093,0
17098,0
17099,0
17101,0
17103,0
17105,0
17107,0
17108,0
17109,0
17110,0
17111,0
17112,0
17114,0
17116,0
17118,0
17120,0
17122,0
17125,0
17126,0
17129,0
17134,0
17136,0
17138,0
17140,0
17141,0
17145,0
17146,0
17150,0
17152,0
17157,0
17163,0
17164,0
17166,0
17169,0
17170,0
17173,0
17177,0
17183,0
17185,0
17190,0
17191,0
17192,0
17195,0
17196,0
17200,0
17201,0
17202,0
17204,0
17205,0
17207,0
17210,0
17211,0
17214,0
17218,0
17220,0
17222,0
17227,0
17229,0
17238,0
17240,0
17241,0
17242,0
17244,0
17247,0
17250,0
17251,0
17252,0
17257,0
17258,0
17260,0
17262,0
17263,0
17264,0
17266,0
17271,0
17277,0
17278,0
17280,0
17281,0
17282,0
17284,0
17286,0
17291,0
17292,0
17305,0
17308,0
17309,0
17311,0
17313,0
17314,0
17315,0
17317,0
17320,0
17321,0
17322,0
17323,0
17324,0
17325,0
17327,0
17328,0
17330,0
17332,0
17335,0
17337,0
17342,0
17343,0
17344,0
17351,0
17352,0
17353,0
17357,0
17360,0
17362,0
17363,0
17364,0
17365,0
17366,0
17370,0
17372,0
17374,0
17375,0
17378,0
17379,0
17381,0
17385,0
17388,0
17389,0
17392,0
17394,0
17395,0
17401,0
17404,0
17405,0
17409,0
17411,0
17413,0
17419,0
17420,0
17421,0
17425,0
17429,0
17434,0
17436,0
17438,0
17441,0
17447,0
17451,0
17457,0
17459,0
17460,0
17461,0
17462,0
17463,0
17464,0
17466,0
17469,0
17471,0
17475,0
17476,0
17479,0
17480,0
17482,0
17487,0
17494,0
17499,0
17501,0
17503,0
17511,0
17516,0
17517,0
17518,0
17521,0
17522,0
17523,0
17525,0
17526,0
17528,0
17530,0
17534,0
17535,0
17536,0
17537,0
17538,0
17541,0
17542,0
17543,0
17544,0
17545,0
17547,0
17548,0
17554,0
17555,0
17556,0
17562,0
17571,0
17573,0
17574,0
17575,0
17577,0
17578,0
17580,0
17585,0
17588,0
17589,0
17596,0
17599,0
17600,0
17602,0
17603,0
17607,0
17610,0
17617,0
17619,0
17621,0
17622,0
17624,0
17628,0
17632,0
17633,0
17635,0
17637,0
17639,0
17640,0
17648,0
17651,0
17653,0
17654,0
17656,0
17659,0
17665,0
17671,0
17672,0
17673,0
17674,0
17678,0
17679,0
17684,0
17685,0
17689,0
17690,0
17691,0
17692,0
17695,0
17696,0
17697,0
17698,0
17700,0
17705,0
17706,0
17707,0
17716,0
17717,0
17718,0
17725,0
17726,0
17727,0
17728,0
17731,0
17734,0
17736,0
17739,0
17740,0
17742,0
17745,0
17746,0
17751,0
17755,0
17757,0
17759,0
17760,0
17767,0
17768,0
17772,0
17773,0
17775,0
17783,0
17784,0
17785,0
17788,0
17790,0
17794,0
17796,0
17798,0
17799,0
17801,0
17802,0
17805,0
17806,0
17808,0
17809,0
17811,0
17814,0
17816,0
17818,0
17820,0
17821,0
17822,0
17827,0
17828,0
17833,0
17835,0
17837,0
17839,0
17841,0
17842,0
17843,0
17849,0
17852,0
17853,0
17855,0
17857,0
17861,0
17865,0
17869,0
17872,0
17879,0
17882,0
17888,0
17890,0
17892,0
17895,0
17896,0
17899,0
17901,0
17902,0
17903,0
17907,0
17910,0
17911,0
17914,0
17917,0
17928,0
17932,0
17937,0
17938,0
17943,0
17944,0
17945,0
17947,0
17949,0
17950,0
17954,0
17959,0
17961,0
17964,0
17967,0
17969,0
17970,0
17972,0
17974,0
17978,0
17979,0
17981,0
17982,0
17986,0
17988,0
17990,0
17991,0
17992,0
17996,0
17997,0
17998,0
18001,0
18004,0
18007,0
18009,0
18011,0
18015,0
18016,0
18019,0
18020,0
18024,0
18027,0
18028,0
18030,0
18034,0
18040,0
18042,0
18043,0
18046,0
18047,0
18050,0
18053,0
18054,0
18057,0
18059,0
18061,0
18063,0
18065,0
18066,0
18068,0
18069,0
18072,0
18073,0
18074,0
18076,0
18077,0
18079,0
18080,0
18081,0
18084,0
18087,0
18092,0
18094,0
18095,0
18096,0
18105,0
18106,0
18107,0
18110,0
18111,0
18112,0
18114,0
18115,0
18116,0
18118,0
18126,0
18128,0
18130,0
18132,0
18134,0
18139,0
18143,0
18144,0
18145,0
18147,0
18149,0
18151,0
18152,0
18156,0
18157,0
18158,0
18159,0
18162,0
18164,0
18165,0
18168,0
18169,0
18171,0
18172,0
18173,0
18174,0
18175,0
18180,0
18181,0
18183,0
18186,0
18188,0
18189,0
18190,0
18192,0
18193,0
18197,0
18198,0
18201,0
18202,0
18208,0
18209,0
18210,0
18213,0
18219,0
18221,0
18223,0
18224,0
18225,0
18227,0
18229,0
18233,0
18237,0
18238,0
18239,0
18242,0
18244,0
18246,0
18250,0
18253,0
18254,0
18257,0
18260,0
18262,0
18263,0
18267,0
18268,0
18273,0
18274,0
18276,0
18277,0
18278,0
18280,0
18283,0
18285,0
18286,0
18290,0
18291,0
18293,0
18302,0
18304,0
18306,0
18307,0
18309,0
18310,0
18313,0
18316,0
18318,0
18320,0
18321,0
18322,0
18323,0
18324,0
18332,0
18333,0
18337,0
18339,0
18341,0
18347,0
18348,0
18353,0
18359,0
18361,0
18363,0
18367,0
18369,0
18371,0
18372,0
18382,0
18385,0
18388,0
18391,0
18395,0
18396,0
18397,0
18404,0
18412,0
18413,0
18414,0
18415,0
18420,0
18421,0
18426,0
18427,0
18431,0
18432,0
18434,0
18435,0
18436,0
18443,0
18454,0
18457,0
18460,0
18461,0
18464,0
18468,0
18470,0
18472,0
18476,0
18477,0
18479,0
18482,0
18483,0
18490,0
18492,0
18497,0
18498,0
18500,0
18501,0
18503,0
18505,0
18506,0
18507,0
18512,0
18516,0
18517,0
18518,0
18519,0
18524,0
18526,0
18534,0
18537,0
18541,0
18545,0
18546,0
18547,0
18557,0
18563,0
18564,0
18567,0
18568,0
18569,0
18572,0
18573,0
18574,0
18580,0
18585,0
18592,0
18599,0
18601,0
18602,0
18603,0
18605,0
18610,0
18611,0
18614,0
18616,0
18620,0
18625,0
18628,0
18633,0
18637,0
18642,0
18644,0
18646,0
18647,0
18650,0
18655,0
18656,0
18657,0
18658,0
18659,0
18667,0
18669,0
18673,0
18676,0
18678,0
18682,0
18683,0
18685,0
18686,0
18687,0
18689,0
18691,0
18692,0
18694,0
18696,0
18697,0
18698,0
18700,0
18706,0
18707,0
18709,0
18710,0
18715,0
18718,0
18720,0
18722,0
18725,0
18728,0
18733,0
18734,0
18735,0
18736,0
18741,0
18743,0
18744,0
18746,0
18750,0
18756,0
18760,0
18761,0
18762,0
18764,0
18765,0
18769,0
18770,0
18771,0
18773,0
18776,0
18777,0
18778,0
18785,0
18786,0
18787,0
18795,0
18800,0
18803,0
18805,0
18811,0
18812,0
18814,0
18817,0
18821,0
18823,0
18824,0
18826,0
18833,0
18841,0
18843,0
18844,0
18847,0
18848,0
18851,0
18853,0
18854,0
18855,0
18856,0
18857,0
18860,0
18863,0
18864,0
18865,0
18867,0
18868,0
18870,0
18871,0
18873,0
18875,0
18877,0
18885,0
18887,0
18889,0
18890,0
18892,0
18893,0
18894,0
18898,0
18901,0
18908,0
18909,0
18910,0
18912,0
18913,0
18917,0
18919,0
18920,0
18922,0
18923,0
18924,0
18926,0
18927,0
18928,0
18931,0
18934,0
18935,0
18938,0
18940,0
18941,0
18943,0
18944,0
18945,0
18947,0
18948,0
18952,0
18953,0
18955,0
18957,0
18958,0
18960,0
18961,0
18964,0
18966,0
18967,0
18969,0
18970,0
18975,0
18976,0
18978,0
18980,0
18984,0
18987,0
19000,0
19003,0
19006,0
19007,0
19009,0
19013,0
19015,0
19018,0
19019,0
19020,0
19025,0
19028,0
19032,0
19033,0
19037,0
19040,0
19042,0
19048,0
19049,0
19053,0
19056,0
19057,0
19060,0
19064,0
19067,0
19068,0
19069,0
19071,0
19072,0
19075,0
19077,0
19079,0
19094,0
19096,0
19101,0
19102,0
19104,0
19105,0
19106,0
19108,0
19110,0
19111,0
19112,0
19115,0
19118,0
19119,0
19123,0
19124,0
19127,0
19130,0
19134,0
19135,0
19140,0
19141,0
19142,0
19143,0
19145,0
19147,0
19153,0
19155,0
19157,0
19158,0
19163,0
19167,0
19169,0
19174,0
19176,0
19182,0
19185,0
19186,0
19198,0
19199,0
19200,0
19201,0
19203,0
19204,0
19206,0
19210,0
19212,0
19213,0
19218,0
19222,0
19231,0
19234,0
19244,0
19245,0
19246,0
19248,0
19250,0
19252,0
19253,0
19256,0
19258,0
19265,0
19267,0
19270,0
19273,0
19274,0
19275,0
19276,0
19277,0
19279,0
19280,0
19281,0
19282,0
19283,0
19287,0
19290,0
19294,0
19298,0
19299,0
19302,0
19304,0
19306,0
19310,0
19311,0
19312,0
19314,0
19317,0
19318,0
19319,0
19323,0
19325,0
19328,0
19330,0
19331,0
19332,0
19334,0
19338,0
19339,0
19340,0
19341,0
19342,0
19345,0
19350,0
19351,0
19356,0
19357,0
19360,0
19361,0
19365,0
19366,0
19367,0
19373,0
19374,0
19378,0
19381,0
19383,0
19384,0
19387,0
19390,0
19393,0
19394,0
19397,0
19401,0
19403,0
19404,0
19405,0
19408,0
19409,0
19412,0
19414,0
19415,0
19417,0
19419,0
19423,0
19425,0
19427,0
19433,0
19441,0
19443,0
19444,0
19445,0
19449,0
19455,0
19457,0
19459,0
19461,0
19465,0
19471,0
19472,0
19474,0
19475,0
19477,0
19483,0
19484,0
19485,0
19488,0
19489,0
19491,0
19494,0
19495,0
19498,0
19500,0
19507,0
19511,0
19513,0
19514,0
19518,0
19520,0
19521,0
19522,0
19525,0
19528,0
19529,0
19530,0
19531,0
19532,0
19533,0
19535,0
19537,0
19538,0
19540,0
19542,0
19543,0
19544,0
19545,0
19549,0
19551,0
19554,0
19555,0
19557,0
19566,0
19567,0
19569,0
19570,0
19571,0
19574,0
19575,0
19577,0
19578,0
19580,0
19581,0
19585,0
19590,0
19595,0
19596,0
19597,0
19599,0
19601,0
19602,0
19603,0
19605,0
19606,0
19608,0
19611,0
19612,0
19615,0
19619,0
19621,0
19623,0
19627,0
19628,0
19629,0
19630,0
19631,0
19634,0
19641,0
19642,0
19643,0
19644,0
19646,0
19647,0
19650,0
19652,0
19654,0
19655,0
19657,0
19660,0
19662,0
19665,0
19667,0
19668,0
19669,0
19670,0
19673,0
19675,0
19676,0
19677,0
19685,0
19686,0
19688,0
19689,0
19690,0
19692,0
19693,0
19694,0
19695,0
19698,0
19699,0
19701,0
19703,0
19704,0
19707,0
19709,0
19712,0
19713,0
19716,0
19720,0
19723,0
19724,0
19726,0
19729,0
19731,0
19732,0
19733,0
19735,0
19736,0
19737,0
19738,0
19742,0
19743,0
19744,0
19748,0
19749,0
19752,0
19754,0
19757,0
19766,0
19768,0
19773,0
19776,0
19778,0
19780,0
19782,0
19785,0
19786,0
19791,0
19792,0
19795,0
19797,0
19798,0
19799,0
19800,0
19802,0
19804,0
19805,0
19808,0
19816,0
19817,0
19818,0
19819,0
19821,0
19825,0
19826,0
19829,0
19830,0
19831,0
19832,0
19836,0
19838,0
19839,0
19841,0
19842,0
19844,0
19855,0
19856,0
19858,0
19860,0
19862,0
19865,0
19866,0
19884,0
19887,0
19889,0
19893,0
19894,0
19900,0
19910,0
19911,0
19917,0
19922,0
19926,0
19927,0
19928,0
19935,0
19937,0
19942,0
19943,0
19944,0
19945,0
19947,0
19949,0
19950,0
19951,0
19954,0
19957,0
19968,0
19974,0
19976,0
19977,0
19978,0
19979,0
19980,0
19981,0
19984,0
19988,0
19989,0
19991,0
19992,0
19995,0
19996,0
19997,0
19998,0
19999,0
20003,0
20004,0
20005,0
20009,0
20012,0
20013,0
20014,0
20021,0
20023,0
20024,0
20031,0
20035,0
20040,0
20041,0
20042,0
20045,0
20047,0
20051,0
20061,0
20071,0
20072,0
20074,0
20077,0
20080,0
20081,0
20082,0
20083,0
20084,0
20085,0
20088,0
20091,0
20092,0
20093,0
20095,0
20096,0
20099,0
20101,0
20104,0
20108,0
20116,0
20119,0
20120,0
20123,0
20125,0
20127,0
20131,0
20132,0
20134,0
20135,0
20137,0
20139,0
20140,0
20141,0
20146,0
20150,0
20155,0
20156,0
20157,0
20158,0
20159,0
20161,0
20162,0
20164,0
20165,0
20167,0
20170,0
20171,0
20176,0
20177,0
20178,0
20181,0
20182,0
20185,0
20186,0
20187,0
20193,0
20198,0
20199,0
20200,0
20202,0
20203,0
20204,0
20206,0
20207,0
20208,0
20211,0
20212,0
20213,0
20219,0
20220,0
20221,0
20224,0
20225,0
20226,0
20227,0
20228,0
20230,0
20234,0
20236,0
20237,0
20239,0
20243,0
20244,0
20247,0
20256,0
20257,0
20265,0
20267,0
20269,0
20271,0
20279,0
20282,0
20284,0
20287,0
20288,0
20292,0
20296,0
20297,0
20300,0
20302,0
20304,0
20305,0
20307,0
20312,0
20313,0
20314,0
20315,0
20316,0
20320,0
20321,0
20322,0
20327,0
20333,0
20339,0
20341,0
20344,0
20345,0
20350,0
20351,0
20359,0
20365,0
20367,0
20372,0
20374,0
20377,0
20380,0
20385,0
20387,0
20388,0
20390,0
20394,0
20395,0
20397,0
20405,0
20407,0
20408,0
20410,0
20414,0
20415,0
20418,0
20419,0
20426,0
20427,0
20428,0
20435,0
20437,0
20439,0
20441,0
20442,0
20445,0
20446,0
20456,0
20459,0
20461,0
20466,0
20467,0
20469,0
20472,0
20474,0
20475,0
20480,0
20483,0
20488,0
20489,0
20490,0
20491,0
20492,0
20494,0
20497,0
20501,0
20503,0
20504,0
20505,0
20508,0
20510,0
20512,0
20513,0
20516,0
20519,0
20521,0
20523,0
20529,0
20531,0
20534,0
20538,0
20543,0
20544,0
20547,0
20550,0
20552,0
20555,0
20556,0
20557,0
20559,0
20561,0
20564,0
20565,0
20571,0
20575,0
20576,0
20577,0
20580,0
20582,0
20584,0
20585,0
20587,0
20591,0
20592,0
20593,0
20594,0
20599,0
20601,0
20603,0
20604,0
20610,0
20613,0
20617,0
20619,0
20621,0
20627,0
20629,0
20630,0
20631,0
20644,0
20648,0
20649,0
20650,0
20651,0
20652,0
20653,0
20654,0
20656,0
20657,0
20668,0
20669,0
20670,0
20673,0
20678,0
20679,0
20681,0
20687,0
20689,0
20690,0
20698,0
20699,0
20705,0
20706,0
20708,0
20710,0
20711,0
20713,0
20714,0
20715,0
20716,0
20719,0
20722,0
20725,0
20730,0
20732,0
20735,0
20738,0
20741,0
20746,0
20748,0
20749,0
20755,0
20762,0
20765,0
20769,0
20770,0
20772,0
20774,0
20775,0
20776,0
20778,0
20779,0
20782,0
20788,0
20793,0
20796,0
20798,0
20799,0
20800,0
20801,0
20806,0
20807,0
20810,0
20814,0
20816,0
20819,0
20822,0
20824,0
20825,0
20826,0
20827,0
20829,0
20832,0
20833,0
20834,0
20839,0
20840,0
20841,0
20842,0
20843,0
20849,0
20850,0
20853,0
20854,0
20863,0
20868,0
20870,0
20871,0
20872,0
20874,0
20875,0
20877,0
20879,0
20883,0
20886,0
20888,0
20890,0
20893,0
20895,0
20897,0
20898,0
20900,0
20903,0
20907,0
20915,0
20917,0
20918,0
20920,0
20923,0
20924,0
20927,0
20930,0
20933,0
20934,0
20935,0
20936,0
20938,0
20939,0
20940,0
20949,0
20951,0
20952,0
20956,0
20957,0
20962,0
20966,0
20970,0
20971,0
20973,0
20974,0
20975,0
20976,0
20977,0
20980,0
20984,0
20992,0
20997,0
21007,0
21008,0
21009,0
21010,0
21014,0
21015,0
21016,0
21018,0
21020,0
21023,0
21024,0
21027,0
21029,0
21031,0
21032,0
21039,0
21044,0
21049,0
21050,0
21051,0
21056,0
21058,0
21059,0
21060,0
21061,0
21063,0
21069,0
21071,0
21073,0
21074,0
21078,0
21080,0
21082,0
21083,0
21086,0
21088,0
21090,0
21091,0
21092,0
21093,0
21095,0
21096,0
21101,0
21103,0
21104,0
21106,0
21109,0
21110,0
21113,0
21114,0
21116,0
21117,0
21118,0
21119,0
21120,0
21122,0
21124,0
21126,0
21129,0
21132,0
21133,0
21134,0
21137,0
21138,0
21139,0
21149,0
21150,0
21151,0
21152,0
21158,0
21162,0
21164,0
21166,0
21167,0
21168,0
21169,0
21170,0
21175,0
21176,0
21180,0
21181,0
21190,0
21194,0
21197,0
21200,0
21201,0
21205,0
21207,0
21209,0
21211,0
21212,0
21213,0
21214,0
21215,0
21217,0
21220,0
21222,0
21223,0
21226,0
21227,0
21229,0
21230,0
21231,0
21233,0
21235,0
21239,0
21241,0
21246,0
21250,0
21251,0
21252,0
21253,0
21257,0
21261,0
21263,0
21264,0
21265,0
21270,0
21276,0
21278,0
21286,0
21287,0
21288,0
21291,0
21292,0
21296,0
21299,0
21307,0
21309,0
21310,0
21318,0
21325,0
21327,0
21328,0
21329,0
21331,0
21332,0
21334,0
21336,0
21337,0
21338,0
21343,0
21346,0
21347,0
21348,0
21350,0
21352,0
21354,0
21368,0
21369,0
21371,0
21372,0
21374,0
21377,0
21378,0
21379,0
21384,0
21385,0
21386,0
21389,0
21390,0
21392,0
21395,0
21396,0
21399,0
21403,0
21405,0
21411,0
21413,0
21414,0
21418,0
21419,0
21423,0
21424,0
21425,0
21427,0
21428,0
21429,0
21430,0
21431,0
21432,0
21434,0
21436,0
21438,0
21440,0
21444,0
21445,0
21447,0
21451,0
21455,0
21456,0
21458,0
21459,0
21461,0
21464,0
21466,0
21469,0
21471,0
21473,0
21474,0
21476,0
21477,0
21481,0
21486,0
21488,0
21492,0
21493,0
21498,0
21503,0
21506,0
21509,0
21511,0
21512,0
21513,0
21515,0
21518,0
21519,0
21526,0
21527,0
21528,0
21529,0
21531,0
21533,0
21534,0
21536,0
21537,0
21539,0
21540,0
21543,0
21544,0
21547,0
21548,0
21549,0
21550,0
21554,0
21557,0
21558,0
21561,0
21563,0
21565,0
21569,0
21571,0
21577,0
21579,0
21580,0
21582,0
21584,0
21585,0
21586,0
21587,0
21588,0
21591,0
21592,0
21593,0
21594,0
21597,0
21599,0
21601,0
21603,0
21607,0
21608,0
21610,0
21611,0
21612,0
21614,0
21616,0
21617,0
21618,0
21622,0
21626,0
21633,0
21635,0
21636,0
21638,0
21639,0
21641,0
21642,0
21647,0
21655,0
21659,0
21660,0
21662,0
21664,0
21666,0
21667,0
21669,0
21674,0
21675,0
21677,0
21682,0
21693,0
21698,0
21702,0
21705,0
21707,0
21708,0
21711,0
21712,0
21718,0
21721,0
21728,0
21730,0
21731,0
21732,0
21735,0
21737,0
21741,0
21746,0
21747,0
21748,0
21751,0
21752,0
21756,0
21758,0
21762,0
21765,0
21766,0
21767,0
21769,0
21770,0
21774,0
21777,0
21781,0
21784,0
21785,0
21787,0
21790,0
21792,0
21796,0
21797,0
21801,0
21804,0
21805,0
21806,0
21807,0
21808,0
21809,0
21810,0
21811,0
21812,0
21813,0
21825,0
21826,0
21836,0
21838,0
21840,0
21843,0
21845,0
21846,0
21851,0
21857,0
21859,0
21866,0
21868,0
21869,0
21874,0
21877,0
21878,0
21883,0
21885,0
21888,0
21890,0
21894,0
21895,0
21898,0
21899,0
21901,0
21904,0
21909,0
21911,0
21914,0
21917,0
21918,0
21919,0
21921,0
21923,0
21926,0
21929,0
21936,0
21946,0
21947,0
21949,0
21950,0
21952,0
21954,0
21955,0
21956,0
21959,0
21962,0
21963,0
21965,0
21967,0
21969,0
21972,0
21981,0
21983,0
21984,0
21986,0
21992,0
21993,0
21996,0
22002,0
22006,0
22010,0
22012,0
22013,0
22021,0
22022,0
22030,0
22037,0
22039,0
22040,0
22042,0
22045,0
22046,0
22049,0
22050,0
22052,0
22058,0
22059,0
22065,0
22067,0
22071,0
22078,0
22086,0
22089,0
22090,0
22092,0
22095,0
22097,0
22098,0
22100,0
22102,0
22103,0
22106,0
22112,0
22115,0
22116,0
22120,0
22121,0
22122,0
22124,0
22126,0
22130,0
22131,0
22133,0
22134,0
22137,0
22139,0
22141,0
22142,0
22145,0
22150,0
22153,0
22155,0
22158,0
22161,0
22164,0
22165,0
22167,0
22168,0
22170,0
22171,0
22176,0
22177,0
22178,0
22179,0
22180,0
22185,0
22189,0
22193,0
22194,0
22196,0
22197,0
22203,0
22208,0
22209,0
22210,0
22211,0
22212,0
22217,0
22218,0
22219,0
22222,0
22223,0
22230,0
22234,0
22235,0
22237,0
22239,0
22240,0
22241,0
22244,0
22245,0
22246,0
22250,0
22251,0
22255,0
22258,0
22259,0
22261,0
22262,0
22263,0
22265,0
22267,0
22270,0
22276,0
22277,0
22278,0
22280,0
22281,0
22282,0
22283,0
22285,0
22288,0
22289,0
22291,0
22292,0
22293,0
22296,0
22297,0
22299,0
22303,0
22307,0
22310,0
22315,0
22318,0
22319,0
22320,0
22323,0
22329,0
22331,0
22336,0
22341,0
22343,0
22344,0
22346,0
22347,0
22350,0
22352,0
22358,0
22362,0
22365,0
22366,0
22369,0
22370,0
22373,0
22376,0
22379,0
22380,0
22383,0
22384,0
22386,0
22390,0
22392,0
22397,0
22398,0
22399,0
22405,0
22406,0
22410,0
22412,0
22414,0
22415,0
22417,0
22419,0
22422,0
22423,0
22424,0
22432,0
22433,0
22435,0
22440,0
22441,0
22442,0
22444,0
22445,0
22446,0
22450,0
22452,0
22453,0
22456,0
22457,0
22463,0
22465,0
22468,0
22474,0
22477,0
22480,0
22481,0
22487,0
22488,0
22489,0
22491,0
22499,0
22506,0
22510,0
22511,0
22516,0
22520,0
22523,0
22526,0
22527,0
22528,0
22531,0
22534,0
22538,0
22539,0
22540,0
22541,0
22542,0
22543,0
22548,0
22550,0
22551,0
22552,0
22553,0
22556,0
22558,0
22560,0
22564,0
22566,0
22567,0
22573,0
22575,0
22577,0
22578,0
22579,0
22585,0
22588,0
22590,0
22594,0
22595,0
22605,0
22607,0
22612,0
22613,0
22614,0
22615,0
22619,0
22620,0
22622,0
22623,0
22626,0
22630,0
22631,0
22633,0
22635,0
22636,0
22644,0
22648,0
22649,0
22652,0
22655,0
22657,0
22662,0
22663,0
22664,0
22666,0
22671,0
22673,0
22674,0
22676,0
22678,0
22679,0
22680,0
22682,0
22683,0
22687,0
22689,0
22692,0
22693,0
22695,0
22701,0
22702,0
22705,0
22706,0
22711,0
22712,0
22715,0
22721,0
22722,0
22724,0
22725,0
22727,0
22731,0
22733,0
22734,0
22735,0
22742,0
22743,0
22745,0
22750,0
22752,0
22754,0
22756,0
22757,0
22759,0
22761,0
22762,0
22763,0
22765,0
22768,0
22770,0
22776,0
22777,0
22781,0
22782,0
22785,0
22790,0
22799,0
22802,0
22804,0
22807,0
22809,0
22810,0
22811,0
22812,0
22813,0
22814,0
22819,0
22820,0
22822,0
22824,0
22825,0
22827,0
22829,0
22830,0
22836,0
22839,0
22842,0
22843,0
22844,0
22846,0
22848,0
22850,0
22853,0
22855,0
22858,0
22859,0
22861,0
22865,0
22866,0
22871,0
22876,0
22877,0
22878,0
22884,0
22897,0
22902,0
22905,0
22909,0
22911,0
22914,0
22915,0
22916,0
22917,0
22920,0
22927,0
22928,0
22932,0
22942,0
22943,0
22944,0
22945,0
22947,0
22948,0
22949,0
22959,0
22960,0
22961,0
22962,0
22966,0
22967,0
22968,0
22969,0
22971,0
22972,0
22974,0
22976,0
22977,0
22978,0
22988,0
22992,0
22993,0
22994,0
22995,0
22996,0
23000,0
23001,0
23003,0
23005,0
23009,0
23010,0
23011,0
23013,0
23015,0
23018,0
23021,0
23022,0
23023,0
23024,0
23026,0
23032,0
23035,0
23037,0
23040,0
23042,0
23043,0
23050,0
23051,0
23053,0
23054,0
23056,0
23062,0
23065,0
23069,0
23078,0
23079,0
23081,0
23086,0
23088,0
23091,0
23093,0
23094,0
23095,0
23097,0
23098,0
23105,0
23109,0
23110,0
23113,0
23115,0
23116,0
23119,0
23120,0
23123,0
23126,0
23129,0
23130,0
23132,0
23134,0
23137,0
23139,0
23140,0
23143,0
23144,0
23145,0
23146,0
23155,0
23158,0
23162,0
23163,0
23164,0
23166,0
23169,0
23171,0
23174,0
23175,0
23178,0
23184,0
23191,0
23195,0
23197,0
23198,0
23201,0
23204,0
23205,0
23206,0
23215,0
23216,0
23218,0
23227,0
23229,0
23232,0
23233,0
23235,0
23236,0
23240,0
23241,0
23244,0
23247,0
23248,0
23250,0
23255,0
23256,0
23260,0
23265,0
23267,0
23269,0
23271,0
23272,0
23278,0
23279,0
23283,0
23286,0
23288,0
23291,0
23293,0
23294,0
23295,0
23296,0
23299,0
23302,0
23304,0
23305,0
23306,0
23309,0
23310,0
23314,0
23318,0
23322,0
23325,0
23326,0
23330,0
23332,0
23334,0
23335,0
23339,0
23344,0
23346,0
23349,0
23350,0
23353,0
23354,0
23357,0
23361,0
23362,0
23364,0
23367,0
23368,0
23370,0
23372,0
23374,0
23376,0
23379,0
23389,0
23390,0
23393,0
23395,0
23397,0
23402,0
23404,0
23405,0
23406,0
23408,0
23410,0
23412,0
23416,0
23422,0
23423,0
23428,0
23431,0
23435,0
23437,0
23438,0
23439,0
23440,0
23442,0
23445,0
23447,0
23448,0
23450,0
23451,0
23452,0
23453,0
23454,0
23455,0
23456,0
23460,0
23462,0
23464,0
23465,0
23470,0
23471,0
23480,0
23483,0
23484,0
23489,0
23491,0
23492,0
23494,0
23495,0
23498,0
23499,0
23500,0
23505,0
23506,0
23507,0
23509,0
23514,0
23515,0
23517,0
23519,0
23525,0
23526,0
23527,0
23529,0
23532,0
23534,0
23536,0
23543,0
23548,0
23554,0
23557,0
23559,0
23564,0
23571,0
23579,0
23580,0
23581,0
23582,0
23583,0
23587,0
23589,0
23591,0
23596,0
23598,0
23600,0
23601,0
23602,0
23603,0
23605,0
23611,0
23614,0
23616,0
23617,0
23623,0
23625,0
23629,0
23635,0
23639,0
23643,0
23646,0
23651,0
23652,0
23660,0
23661,0
23664,0
23667,0
23674,0
23676,0
23677,0
23682,0
23686,0
23688,0
23693,0
23696,0
23697,0
23698,0
23699,0
23700,0
23701,0
23705,0
23707,0
23709,0
23710,0
23714,0
23716,0
23718,0
23722,0
23726,0
23728,0
23729,0
23731,0
23732,0
23734,0
23737,0
23742,0
23744,0
23746,0
23747,0
23749,0
23757,0
23759,0
23761,0
23764,0
23766,0
23768,0
23771,0
23773,0
23774,0
23775,0
23778,0
23779,0
23780,0
23781,0
23782,0
23784,0
23790,0
23792,0
23793,0
23798,0
23802,0
23804,0
23806,0
23811,0
23812,0
23815,0
23816,0
23821,0
23822,0
23823,0
23829,0
23830,0
23831,0
23833,0
23834,0
23837,0
23838,0
23840,0
23844,0
23851,0
23858,0
23861,0
23864,0
23870,0
23871,0
23873,0
23875,0
23876,0
23877,0
23878,0
23883,0
23884,0
23886,0
23888,0
23890,0
23891,0
23894,0
23898,0
23902,0
23904,0
23905,0
23906,0
23908,0
23909,0
23914,0
23915,0
23917,0
23918,0
23920,0
23921,0
23922,0
23928,0
23929,0
23930,0
23932,0
23933,0
23935,0
23936,0
23937,0
23940,0
23941,0
23942,0
23945,0
23952,0
23955,0
23957,0
23959,0
23960,0
23962,0
23966,0
23967,0
23971,0
23975,0
23976,0
23978,0
23983,0
23984,0
23985,0
23988,0
23990,0
23992,0
23993,0
24001,0
24002,0
24003,0
24004,0
24005,0
24007,0
24008,0
24013,0
24017,0
24018,0
24022,0
24024,0
24025,0
24026,0
24028,0
24031,0
24032,0
24045,0
24048,0
24049,0
24050,0
24051,0
24054,0
24059,0
24062,0
24064,0
24065,0
24066,0
24067,0
24068,0
24069,0
24074,0
24084,0
24088,0
24089,0
24093,0
24095,0
24101,0
24102,0
24106,0
24116,0
24117,0
24119,0
24122,0
24126,0
24127,0
24128,0
24129,0
24131,0
24132,0
24133,0
24136,0
24141,0
24143,0
24147,0
24150,0
24152,0
24153,0
24154,0
24156,0
24158,0
24163,0
24164,0
24165,0
24169,0
24170,0
24176,0
24179,0
24182,0
24185,0
24186,0
24187,0
24188,0
24192,0
24195,0
24196,0
24197,0
24198,0
24201,0
24203,0
24206,0
24211,0
24212,0
24213,0
24214,0
24215,0
24216,0
24219,0
24222,0
24225,0
24227,0
24229,0
24230,0
24232,0
24235,0
24236,0
24238,0
24241,0
24242,0
24244,0
24245,0
24250,0
24251,0
24253,0
24254,0
24257,0
24260,0
24262,0
24263,0
24264,0
24267,0
24270,0
24272,0
24275,0
24278,0
24285,0
24286,0
24290,0
24292,0
24293,0
24294,0
24299,0
24300,0
24305,0
24312,0
24314,0
24315,0
24317,0
24321,0
24322,0
24324,0
24330,0
24332,0
24337,0
24338,0
24340,0
24345,0
24350,0
24353,0
24356,0
24359,0
24361,0
24362,0
24363,0
24364,0
24366,0
24371,0
24372,0
24376,0
24382,0
24383,0
24392,0
24393,0
24395,0
24398,0
24400,0
24408,0
24410,0
24414,0
24415,0
24416,0
24418,0
24419,0
24420,0
24422,0
24423,0
24427,0
24428,0
24429,0
24430,0
24432,0
24437,0
24438,0
24440,0
24441,0
24443,0
24444,0
24445,0
24447,0
24449,0
24460,0
24476,0
24478,0
24482,0
24484,0
24487,0
24491,0
24492,0
24494,0
24497,0
24498,0
24501,0
24503,0
24504,0
24507,0
24510,0
24512,0
24518,0
24519,0
24520,0
24523,0
24526,0
24528,0
24533,0
24535,0
24538,0
24543,0
24544,0
24547,0
24549,0
24550,0
24551,0
24552,0
24554,0
24555,0
24557,0
24561,0
24563,0
24565,0
24566,0
24569,0
24571,0
24572,0
24574,0
24577,0
24578,0
24579,0
24589,0
24590,0
24591,0
24597,0
24598,0
24600,0
24609,0
24611,0
24612,0
24616,0
24625,0
24626,0
24628,0
24629,0
24630,0
24633,0
24635,0
24637,0
24640,0
24641,0
24645,0
24653,0
24655,0
24657,0
24659,0
24662,0
24665,0
24670,0
24672,0
24675,0
24679,0
24680,0
24681,0
24682,0
24683,0
24684,0
24685,0
24687,0
24689,0
24690,0
24691,0
24692,0
24693,0
24694,0
24701,0
24702,0
24703,0
24705,0
24706,0
24710,0
24711,0
24712,0
24713,0
24715,0
24716,0
24721,0
24730,0
24731,0
24734,0
24735,0
24737,0
24740,0
24746,0
24748,0
24756,0
24757,0
24758,0
24759,0
24763,0
24765,0
24767,0
24770,0
24775,0
24776,0
24777,0
24778,0
24780,0
24781,0
24782,0
24783,0
24785,0
24788,0
24792,0
24796,0
24797,0
24798,0
24799,0
24801,0
24802,0
24803,0
24804,0
24807,0
24811,0
24812,0
24815,0
24817,0
24820,0
24827,0
24832,0
24833,0
24835,0
24836,0
24843,0
24845,0
24847,0
24849,0
24852,0
24854,0
24857,0
24858,0
24865,0
24868,0
24873,0
24875,0
24877,0
24879,0
24882,0
24883,0
24884,0
24885,0
24886,0
24887,0
24889,0
24891,0
24896,0
24904,0
24905,0
24906,0
24909,0
24911,0
24914,0
24922,0
24925,0
24927,0
24935,0
24936,0
24938,0
24939,0
24940,0
24942,0
24944,0
24948,0
24949,0
24956,0
24957,0
24959,0
24960,0
24962,0
24963,0
24965,0
24967,0
24970,0
24977,0
24979,0
24983,0
24986,0
24987,0
24988,0
24991,0
24994,0
24997,0
24998,0
24999,0
25000,0
25003,0
25007,0
25012,0
25013,0
25018,0
25019,0
25022,0
25023,0
25024,0
25030,0
25032,0
25038,0
25040,0
25042,0
25043,0
25054,0
25061,0
25065,0
25067,0
25068,0
25070,0
25072,0
25074,0
25075,0
25078,0
25081,0
25083,0
25084,0
25085,0
25087,0
25094,0
25098,0
25100,0
25101,0
25102,0
25103,0
25105,0
25106,0
25107,0
25109,0
25112,0
25117,0
25119,0
25120,0
25122,0
25123,0
25126,0
25127,0
25128,0
25129,0
25130,0
25135,0
25136,0
25137,0
25141,0
25143,0
25146,0
25150,0
25153,0
25154,0
25155,0
25158,0
25165,0
25172,0
25173,0
25175,0
25178,0
25186,0
25191,0
25196,0
25200,0
25202,0
25204,0
25205,0
25212,0
25214,0
25215,0
25217,0
25219,0
25223,0
25224,0
25233,0
25234,0
25236,0
25237,0
25238,0
25239,0
25244,0
25249,0
25252,0
25255,0
25257,0
25258,0
25259,0
25262,0
25266,0
25268,0
25269,0
25270,0
25273,0
25274,0
25277,0
25281,0
25286,0
25290,0
25292,0
25294,0
25300,0
25301,0
25302,0
25307,0
25309,0
25311,0
25313,0
25316,0
25324,0
25326,0
25327,0
25328,0
25331,0
25334,0
25335,0
25336,0
25339,0
25341,0
25345,0
25349,0
25350,0
25353,0
25354,0
25355,0
25358,0
25361,0
25362,0
25363,0
25365,0
25368,0
25370,0
25372,0
25375,0
25376,0
25379,0
25380,0
25382,0
25387,0
25390,0
25392,0
25394,0
25395,0
25398,0
25400,0
25401,0
25402,0
25406,0
25407,0
25408,0
25409,0
25411,0
25412,0
25415,0
25417,0
25418,0
25419,0
25422,0
25424,0
25425,0
25428,0
25430,0
25434,0
25435,0
25437,0
25440,0
25442,0
25443,0
25446,0
25454,0
25456,0
25458,0
25459,0
25461,0
25462,0
25463,0
25465,0
25467,0
25471,0
25472,0
25474,0
25476,0
25478,0
25479,0
25480,0
25487,0
25489,0
25490,0
25492,0
25497,0
25501,0
25507,0
25508,0
25509,0
25510,0
25511,0
25512,0
25516,0
25518,0
25521,0
25523,0
25524,0
25526,0
25527,0
25528,0
25529,0
25545,0
25548,0
25551,0
25554,0
25557,0
25559,0
25560,0
25561,0
25563,0
25565,0
25570,0
25573,0
25575,0
25579,0
25580,0
25583,0
25584,0
25587,0
25589,0
25593,0
25598,0
25599,0
25604,0
25611,0
25614,0
25615,0
25619,0
25621,0
25623,0
25629,0
25632,0
25634,0
25638,0
25639,0
25640,0
25642,0
25644,0
25646,0
25648,0
25649,0
25650,0
25651,0
25652,0
25656,0
25659,0
25667,0
25668,0
25670,0
25674,0
25675,0
25677,0
25678,0
25680,0
25684,0
25687,0
25689,0
25690,0
25691,0
25692,0
25694,0
25695,0
25696,0
25699,0
25700,0
25701,0
25702,0
25703,0
25704,0
25707,0
25708,0
25709,0
25710,0
25712,0
25715,0
25719,0
25721,0
25724,0
25725,0
25726,0
25727,0
25728,0
25730,0
25733,0
25734,0
25735,0
25736,0
25738,0
25742,0
25750,0
25751,0
25752,0
25762,0
25763,0
25766,0
25770,0
25772,0
25777,0
25778,0
25780,0
25781,0
25782,0
25783,0
25785,0
25786,0
25788,0
25789,0
25791,0
25795,0
25796,0
25800,0
25801,0
25805,0
25808,0
25809,0
25810,0
25812,0
25813,0
25815,0
25817,0
25820,0
25824,0
25825,0
25826,0
25827,0
25828,0
25830,0
25831,0
25832,0
25838,0
25840,0
25844,0
25845,0
25848,0
25849,0
25850,0
25851,0
25853,0
25856,0
25859,0
25864,0
25865,0
25866,0
25871,0
25872,0
25873,0
25878,0
25879,0
25881,0
25883,0
25885,0
25887,0
25889,0
25895,0
25898,0
25903,0
25904,0
25907,0
25909,0
25912,0
25913,0
25914,0
25916,0
25920,0
25922,0
25927,0
25929,0
25938,0
25940,0
25941,0
25942,0
25943,0
25946,0
25947,0
25951,0
25955,0
25959,0
25963,0
25967,0
25971,0
25977,0
25984,0
25985,0
25988,0
25989,0
25993,0
25998,0
26000,0
26002,0
26004,0
26006,0
26007,0
26009,0
26013,0
26015,0
26017,0
26020,0
26022,0
26024,0
26029,0
26033,0
26050,0
26054,0
26058,0
26061,0
26063,0
26064,0
26068,0
26069,0
26070,0
26072,0
26075,0
26076,0
26079,0
26080,0
26083,0
26084,0
26085,0
26089,0
26090,0
26092,0
26094,0
26098,0
26099,0
26104,0
26105,0
26108,0
26109,0
26111,0
26112,0
26115,0
26120,0
26123,0
26125,0
26128,0
26130,0
26131,0
26132,0
26137,0
26139,0
26142,0
26146,0
26148,0
26149,0
26150,0
26153,0
26156,0
26159,0
26166,0
26171,0
26173,0
26176,0
26179,0
26184,0
26190,0
26195,0
26197,0
26198,0
26206,0
26210,0
26211,0
26214,0
26216,0
26217,0
26218,0
26219,0
26222,0
26225,0
26226,0
26227,0
26238,0
26239,0
26246,0
26253,0
26255,0
26257,0
26259,0
26260,0
26263,0
26267,0
26269,0
26270,0
26271,0
26274,0
26288,0
26290,0
26291,0
26294,0
26296,0
26298,0
26302,0
26304,0
26308,0
26309,0
26310,0
26313,0
26316,0
26320,0
26321,0
26324,0
26326,0
26330,0
26337,0
26338,0
26341,0
26342,0
26343,0
26349,0
26351,0
26354,0
26357,0
26359,0
26360,0
26363,0
26365,0
26367,0
26368,0
26371,0
26374,0
26376,0
26380,0
26382,0
26383,0
26384,0
26385,0
26391,0
26392,0
26394,0
26398,0
26400,0
26403,0
26407,0
26409,0
26410,0
26411,0
26412,0
26414,0
26416,0
26418,0
26421,0
26422,0
26423,0
26425,0
26429,0
26433,0
26435,0
26436,0
26437,0
26438,0
26441,0
26443,0
26446,0
26448,0
26449,0
26453,0
26455,0
26458,0
26460,0
26463,0
26470,0
26473,0
26477,0
26481,0
26482,0
26483,0
26485,0
26486,0
26491,0
26492,0
26495,0
26497,0
26498,0
26499,0
26502,0
26504,0
26507,0
26510,0
26516,0
26517,0
26525,0
26530,0
26531,0
26532,0
26533,0
26535,0
26538,0
26541,0
26544,0
26549,0
26551,0
26554,0
26556,0
26560,0
26561,0
26562,0
26563,0
26564,0
26565,0
26569,0
26572,0
26574,0
26578,0
26583,0
26596,0
26603,0
26604,0
26605,0
26606,0
26610,0
26611,0
26612,0
26615,0
26622,0
26623,0
26624,0
26626,0
26627,0
26629,0
26630,0
26631,0
26636,0
26637,0
26638,0
26640,0
26643,0
26646,0
26649,0
26650,0
26651,0
26656,0
26658,0
26659,0
26661,0
26664,0
26665,0
26666,0
26672,0
26674,0
26676,0
26678,0
26683,0
26685,0
26686,0
26689,0
26690,0
26691,0
26692,0
26697,0
26700,0
26701,0
26704,0
26705,0
26706,0
26708,0
26709,0
26710,0
26720,0
26727,0
26729,0
26730,0
26731,0
26732,0
26733,0
26739,0
26740,0
26741,0
26747,0
26753,0
26757,0
26758,0
26760,0
26764,0
26767,0
26771,0
26772,0
26782,0
26789,0
26790,0
26792,0
26795,0
26798,0
26799,0
26801,0
26806,0
26810,0
26813,0
26816,0
26823,0
26824,0
26826,0
26828,0
26832,0
26841,0
26842,0
26843,0
26844,0
26846,0
26847,0
26852,0
26853,0
26854,0
26855,0
26856,0
26857,0
26859,0
26860,0
26861,0
26862,0
26863,0
26864,0
26865,0
26876,0
26877,0
26878,0
26882,0
26888,0
26889,0
26891,0
26898,0
26905,0
26910,0
26912,0
26916,0
26918,0
26919,0
26921,0
26926,0
26927,0
26928,0
26929,0
26930,0
26931,0
26933,0
26938,0
26940,0
26941,0
26946,0
26949,0
26950,0
26951,0
26955,0
26956,0
26958,0
26962,0
26964,0
26966,0
26968,0
26970,0
26971,0
26977,0
26982,0
26984,0
26986,0
26989,0
26993,0
26994,0
26995,0
26996,0
26999,0
27005,0
27008,0
27009,0
27014,0
27015,0
27019,0
27020,0
27024,0
27030,0
27032,0
27035,0
27038,0
27047,0
27049,0
27050,0
27051,0
27056,0
27057,0
27059,0
27063,0
27064,0
27073,0
27076,0
27085,0
27086,0
27087,0
27088,0
27090,0
27095,0
27098,0
27102,0
27103,0
27106,0
27110,0
27111,0
27112,0
27115,0
27118,0
27119,0
27123,0
27125,0
27126,0
27129,0
27137,0
27138,0
27140,0
27141,0
27142,0
27143,0
27145,0
27148,0
27152,0
27155,0
27156,0
27157,0
27158,0
27159,0
27160,0
27167,0
27171,0
27177,0
27179,0
27189,0
27192,0
27195,0
27196,0
27197,0
27199,0
27201,0
27202,0
27203,0
27208,0
27209,0
27216,0
27221,0
27222,0
27225,0
27228,0
27229,0
27230,0
27231,0
27233,0
27239,0
27240,0
27241,0
27243,0
27248,0
27254,0
27255,0
27257,0
27258,0
27259,0
27261,0
27262,0
27263,0
27265,0
27266,0
27268,0
27272,0
27273,0
27275,0
27276,0
27278,0
27281,0
27284,0
27285,0
27286,0
27287,0
27291,0
27298,0
27301,0
27303,0
27304,0
27308,0
27310,0
27312,0
27313,0
27314,0
27315,0
27316,0
27320,0
27325,0
27330,0
27334,0
27335,0
27339,0
27341,0
27352,0
27354,0
27358,0
27363,0
27365,0
27367,0
27369,0
27371,0
27373,0
27377,0
27382,0
27389,0
27390,0
27394,0
27397,0
27406,0
27407,0
27408,0
27412,0
27416,0
27420,0
27422,0
27424,0
27425,0
27427,0
27430,0
27431,0
27432,0
27436,0
27440,0
27443,0
27447,0
27450,0
27453,0
27454,0
27455,0
27460,0
27465,0
27466,0
27467,0
27472,0
27473,0
27475,0
27476,0
27482,0
27483,0
27485,0
27489,0
27492,0
27493,0
27494,0
27495,0
27500,0
27501,0
27502,0
27503,0
27506,0
27509,0
27514,0
27515,0
27516,0
27518,0
27520,0
27522,0
27525,0
27526,0
27530,0
27531,0
27532,0
27533,0
27534,0
27536,0
27537,0
27539,0
27542,0
27543,0
27545,0
27547,0
27554,0
27557,0
27558,0
27560,0
27562,0
27567,0
27577,0
27579,0
27583,0
27584,0
27586,0
27588,0
27589,0
27591,0
27593,0
27594,0
27596,0
27601,0
27603,0
27605,0
27606,0
27607,0
27610,0
27612,0
27613,0
27615,0
27616,0
27621,0
27626,0
27627,0
27631,0
27634,0
27635,0
27636,0
27641,0
27642,0
27645,0
27646,0
27652,0
27658,0
27660,0
27662,0
27663,0
27665,0
27668,0
27670,0
27674,0
27680,0
27682,0
27684,0
27687,0
27690,0
27691,0
27694,0
27700,0
27702,0
27704,0
27706,0
27708,0
27710,0
27714,0
27715,0
27718,0
27720,0
27722,0
27725,0
27726,0
27727,0
27728,0
27732,0
27734,0
27735,0
27736,0
27737,0
27744,0
27745,0
27749,0
27751,0
27753,0
27755,0
27756,0
27762,0
27768,0
27775,0
27779,0
27782,0
27786,0
27789,0
27795,0
27796,0
27801,0
27802,0
27803,0
27805,0
27808,0
27811,0
27817,0
27818,0
27821,0
27827,0
27830,0
27831,0
27833,0
27835,0
27838,0
27840,0
27842,0
27845,0
27849,0
27850,0
27852,0
27854,0
27856,0
27858,0
27861,0
27862,0
27863,0
27864,0
27868,0
27869,0
27871,0
27877,0
27879,0
27881,0
27882,0
27886,0
27888,0
27889,0
27897,0
27898,0
27900,0
27901,0
27904,0
27906,0
27909,0
27914,0
27915,0
27918,0
27919,0
27922,0
27924,0
27926,0
27931,0
27932,0
27933,0
27934,0
27939,0
27942,0
27944,0
27950,0
27951,0
27954,0
27956,0
27959,0
27964,0
27968,0
27971,0
27972,0
27973,0
27980,0
27981,0
27982,0
27983,0
27988,0
27989,0
27990,0
27991,0
27995,0
27996,0
27997,0
27998,0
28000,0
28002,0
28004,0
28006,0
28007,0
28008,0
28011,0
28013,0
28015,0
28029,0
28031,0
28033,0
28037,0
28040,0
28041,0
28043,0
28047,0
28048,0
28050,0
28053,0
28059,0
28067,0
28072,0
28077,0
28082,0
28084,0
28088,0
28095,0
28096,0
28100,0
28102,0
28108,0
28110,0
28111,0
28114,0
28117,0
28125,0
28126,0
28127,0
28128,0
28132,0
28133,0
28142,0
28143,0
28145,0
28147,0
28149,0
28152,0
28154,0
28155,0
28156,0
28157,0
28160,0
28161,0
28162,0
28164,0
28169,0
28174,0
28178,0
28179,0
28184,0
28190,0
28191,0
28192,0
28194,0
28199,0
28202,0
28203,0
28206,0
28210,0
28211,0
28218,0
28220,0
28223,0
28227,0
28228,0
28230,0
28232,0
28233,0
28235,0
28241,0
28244,0
28246,0
28250,0
28256,0
28257,0
28258,0
28259,0
28260,0
28261,0
28264,0
28265,0
28266,0
28267,0
28269,0
28272,0
28273,0
28275,0
28282,0
28283,0
28287,0
28288,0
28294,0
28297,0
28298,0
28304,0
28310,0
28311,0
28312,0
28313,0
28315,0
28317,0
28319,0
28320,0
28321,0
28328,0
28330,0
28335,0
28337,0
28341,0
28346,0
28354,0
28355,0
28357,0
28359,0
28362,0
28363,0
28365,0
28366,0
28368,0
28371,0
28373,0
28374,0
28377,0
28378,0
28379,0
28380,0
28381,0
28382,0
28384,0
28387,0
28388,0
28390,0
28397,0
28400,0
28407,0
28409,0
28411,0
28415,0
28417,0
28422,0
28426,0
28428,0
28432,0
28434,0
28440,0
28441,0
28442,0
28443,0
28447,0
28450,0
28452,0
28454,0
28456,0
28457,0
28458,0
28462,0
28463,0
28464,0
28466,0
28468,0
28469,0
28471,0
28478,0
28484,0
28485,0
28487,0
28489,0
28492,0
28496,0
28501,0
28504,0
28506,0
28507,0
28509,0
28511,0
28512,0
28513,0
28515,0
28516,0
28517,0
28523,0
28529,0
28533,0
28539,0
28543,0
28546,0
28547,0
28548,0
28551,0
28553,0
28558,0
28559,0
28560,0
28561,0
28563,0
28565,0
28569,0
28571,0
28572,0
28578,0
28581,0
28582,0
28586,0
28587,0
28591,0
28594,0
28597,0
28598,0
28599,0
28603,0
28605,0
28607,0
28612,0
28613,0
28614,0
28621,0
28623,0
28629,0
28631,0
28632,0
28637,0
28640,0
28641,0
28646,0
28647,0
28650,0
28651,0
28655,0
28656,0
28657,0
28661,0
28662,0
28665,0
28669,0
28670,0
28671,0
28673,0
28674,0
28675,0
28676,0
28683,0
28685,0
28686,0
28690,0
28691,0
28692,0
28694,0
28698,0
28707,0
28712,0
28714,0
28715,0
28719,0
28720,0
28721,0
28728,0
28734,0
28737,0
28738,0
28741,0
28743,0
28746,0
28747,0
28748,0
28753,0
28755,0
28758,0
28761,0
28764,0
28766,0
28768,0
28774,0
28776,0
28780,0
28781,0
28782,0
28783,0
28784,0
28785,0
28788,0
28789,0
28792,0
28793,0
28796,0
28798,0
28799,0
28801,0
28802,0
28804,0
28805,0
28806,0
28811,0
28814,0
28815,0
28818,0
28823,0
28824,0
28825,0
28826,0
28827,0
28831,0
28834,0
28835,0
28836,0
28840,0
28842,0
28844,0
28845,0
28851,0
28852,0
28853,0
28854,0
28855,0
28857,0
28860,0
28862,0
28865,0
28866,0
28867,0
28868,0
28869,0
28871,0
28872,0
28873,0
28874,0
28875,0
28876,0
28881,0
28884,0
28891,0
28892,0
28893,0
28895,0
28896,0
28897,0
28901,0
28905,0
28909,0
28911,0
28923,0
28924,0
28925,0
28927,0
28928,0
28929,0
28931,0
28933,0
28934,0
28935,0
28939,0
28940,0
28941,0
28942,0
28943,0
28945,0
28949,0
28958,0
28960,0
28962,0
28966,0
28967,0
28968,0
28969,0
28971,0
28973,0
28976,0
28977,0
28979,0
28980,0
28981,0
28982,0
28983,0
28984,0
28987,0
28988,0
28990,0
28991,0
28992,0
28995,0
28997,0
28999,0
29003,0
29004,0
29007,0
29011,0
29013,0
29016,0
29019,0
29022,0
29023,0
29024,0
29025,0
29028,0
29032,0
29034,0
29035,0
29042,0
29043,0
29045,0
29048,0
29051,0
29052,0
29053,0
29056,0
29064,0
29065,0
29067,0
29068,0
29071,0
29072,0
29077,0
29078,0
29080,0
29081,0
29083,0
29085,0
29088,0
29089,0
29090,0
29091,0
29093,0
29096,0
29098,0
29103,0
29108,0
29112,0
29116,0
29136,0
29138,0
29141,0
29146,0
29149,0
29151,0
29152,0
29153,0
29155,0
29156,0
29158,0
29160,0
29161,0
29162,0
29163,0
29164,0
29165,0
29166,0
29167,0
29168,0
29172,0
29175,0
29177,0
29182,0
29183,0
29184,0
29192,0
29195,0
29197,0
29199,0
29200,0
29201,0
29203,0
29206,0
29208,0
29211,0
29212,0
29217,0
29219,0
29223,0
29224,0
29228,0
29230,0
29232,0
29236,0
29237,0
29241,0
29244,0
29245,0
29247,0
29249,0
29254,0
29256,0
29257,0
29261,0
29264,0
29266,0
29268,0
29271,0
29274,0
29275,0
29276,0
29278,0
29280,0
29283,0
29291,0
29292,0
29293,0
29296,0
29297,0
29300,0
29303,0
29305,0
29308,0
29310,0
29312,0
29313,0
29314,0
29315,0
29316,0
29317,0
29320,0
29321,0
29324,0
29326,0
29329,0
29330,0
29331,0
29332,0
29335,0
29336,0
29340,0
29342,0
29343,0
29346,0
29351,0
29352,0
29354,0
29357,0
29358,0
29362,0
29363,0
29364,0
29366,0
29368,0
29371,0
29382,0
29383,0
29386,0
29387,0
29393,0
29394,0
29396,0
29397,0
29398,0
29400,0
29401,0
29402,0
29403,0
29404,0
29405,0
29406,0
29414,0
29415,0
29421,0
29423,0
29426,0
29428,0
29429,0
29430,0
29431,0
29436,0
29437,0
29442,0
29444,0
29445,0
29448,0
29449,0
29450,0
29451,0
29452,0
29453,0
29455,0
29457,0
29460,0
29462,0
29463,0
29464,0
29471,0
29473,0
29477,0
29485,0
29488,0
29489,0
29498,0
29500,0
29504,0
29506,0
29508,0
29509,0
29512,0
29516,0
29520,0
29522,0
29523,0
29527,0
29528,0
29530,0
29535,0
29536,0
29537,0
29542,0
29543,0
29544,0
29545,0
29550,0
29551,0
29553,0
29556,0
29560,0
29561,0
29562,0
29564,0
29565,0
29566,0
29567,0
29568,0
29573,0
29574,0
29575,0
29576,0
29581,0
29583,0
29584,0
29588,0
29594,0
29595,0
29596,0
29600,0
29602,0
29605,0
29606,0
29608,0
29609,0
29610,0
29612,0
29613,0
29616,0
29621,0
29622,0
29626,0
29627,0
29629,0
29630,0
29631,0
29633,0
29634,0
29636,0
29637,0
29646,0
29647,0
29650,0
29655,0
29656,0
29657,0
29659,0
29660,0
29661,0
29663,0
29666,0
29669,0
29670,0
29671,0
29672,0
29675,0
29677,0
29678,0
29681,0
29682,0
29684,0
29685,0
29691,0
29694,0
29696,0
29697,0
29698,0
29704,0
29705,0
29707,0
29708,0
29709,0
29711,0
29714,0
29715,0
29717,0
29718,0
29719,0
29721,0
29727,0
29733,0
29734,0
29735,0
29736,0
29738,0
29740,0
29741,0
29746,0
29748,0
29751,0
29754,0
29755,0
29756,0
29757,0
29758,0
29761,0
29762,0
29764,0
29766,0
29769,0
29770,0
29774,0
29777,0
29781,0
29782,0
29783,0
29784,0
29788,0
29791,0
29794,0
29801,0
29802,0
29810,0
29811,0
29813,0
29814,0
29820,0
29821,0
29822,0
29824,0
29827,0
29829,0
29834,0
29839,0
29841,0
29843,0
29845,0
29849,0
29850,0
29852,0
29853,0
29856,0
29857,0
29858,0
29859,0
29862,0
29864,0
29867,0
29871,0
29872,0
29873,0
29874,0
29875,0
29878,0
29880,0
29882,0
29886,0
29888,0
29895,0
29896,0
29898,0
29899,0
29901,0
29904,0
29905,0
29906,0
29907,0
29908,0
29909,0
29910,0
29912,0
29913,0
29916,0
29919,0
29921,0
29926,0
29929,0
29932,0
29934,0
29936,0
29937,0
29939,0
29941,0
29942,0
29948,0
29949,0
29955,0
29956,0
29957,0
29961,0
29962,0
29967,0
29968,0
29969,0
29973,0
29974,0
29976,0
29977,0
29979,0
29982,0
29983,0
29985,0
29995,0
29996,0
29998,0
30001,0
30005,0
30008,0
30009,0
30011,0
30012,0
30016,0
30017,0
30020,0
30022,0
30023,0
30028,0
30034,0
30037,0
30041,0
30042,0
30043,0
30044,0
30045,0
30046,0
30047,0
30050,0
30052,0
30055,0
30057,0
30059,0
30060,0
30063,0
30064,0
30065,0
30066,0
30068,0
30073,0
30075,0
30077,0
30078,0
30079,0
30083,0
30084,0
30085,0
30086,0
30088,0
30089,0
30090,0
30091,0
30094,0
30097,0
30101,0
30109,0
30112,0
30113,0
30116,0
30117,0
30122,0
30124,0
30125,0
30129,0
30130,0
30132,0
30135,0
30137,0
30138,0
30139,0
30149,0
30152,0
30156,0
30157,0
30166,0
30167,0
30168,0
30173,0
30178,0
30199,0
30200,0
30201,0
30203,0
30204,0
30206,0
30213,0
30215,0
30216,0
30217,0
30220,0
30221,0
30224,0
30225,0
30226,0
30228,0
30229,0
30234,0
30235,0
30236,0
30237,0
30244,0
30245,0
30246,0
30247,0
30248,0
30249,0
30252,0
30253,0
30256,0
30257,0
30258,0
30259,0
30264,0
30274,0
30275,0
30276,0
30279,0
30282,0
30283,0
30284,0
30288,0
30294,0
30296,0
30301,0
30303,0
30308,0
30309,0
30311,0
30312,0
30323,0
30324,0
30327,0
30330,0
30333,0
30335,0
30336,0
30337,0
30340,0
30342,0
30346,0
30348,0
30353,0
30356,0
30361,0
30365,0
30367,0
30369,0
30375,0
30377,0
30378,0
30381,0
30383,0
30385,0
30387,0
30388,0
30390,0
30392,0
30393,0
30394,0
30396,0
30397,0
30400,0
30411,0
30412,0
30414,0
30415,0
30416,0
30418,0
30420,0
30422,0
30424,0
30425,0
30428,0
30429,0
30430,0
30431,0
30436,0
30438,0
30441,0
30445,0
30450,0
30451,0
30461,0
30464,0
30466,0
30468,0
30469,0
30474,0
30482,0
30486,0
30487,0
30488,0
30489,0
30491,0
30493,0
30495,0
30496,0
30497,0
30503,0
30505,0
30506,0
30512,0
30513,0
30514,0
30516,0
30518,0
30522,0
30525,0
30526,0
30533,0
30534,0
30535,0
30540,0
30542,0
30543,0
30553,0
30556,0
30558,0
30559,0
30561,0
30563,0
30567,0
30568,0
30573,0
30575,0
30576,0
30579,0
30589,0
30591,0
30592,0
30593,0
30594,0
30595,0
30598,0
30602,0
30607,0
30611,0
30614,0
30616,0
30618,0
30619,0
30621,0
30623,0
30624,0
30627,0
30629,0
30635,0
30640,0
30645,0
30646,0
30647,0
30648,0
30649,0
30650,0
30653,0
30654,0
30657,0
30660,0
30661,0
30664,0
30665,0
30666,0
30667,0
30670,0
30671,0
30672,0
30676,0
30681,0
30682,0
30684,0
30686,0
30693,0
30697,0
30704,0
30705,0
30708,0
30709,0
30710,0
30716,0
30718,0
30719,0
30725,0
30729,0
30731,0
30733,0
30737,0
30738,0
30739,0
30741,0
30748,0
30749,0
30753,0
30755,0
30757,0
30758,0
30759,0
30761,0
30763,0
30764,0
30765,0
30766,0
30767,0
30770,0
30772,0
30773,0
30774,0
30775,0
30777,0
30786,0
30788,0
30789,0
30791,0
30793,0
30796,0
30802,0
30812,0
30813,0
30814,0
30819,0
30821,0
30822,0
30829,0
30832,0
30837,0
30838,0
30841,0
30851,0
30857,0
30861,0
30863,0
30864,0
30865,0
30867,0
30870,0
30871,0
30874,0
30878,0
30879,0
30880,0
30882,0
30883,0
30888,0
30889,0
30892,0
30893,0
30895,0
30898,0
30900,0
30902,0
30909,0
30910,0
30912,0
30913,0
30915,0
30916,0
30920,0
30921,0
30929,0
30933,0
30934,0
30935,0
30940,0
30942,0
30944,0
30947,0
30949,0
30950,0
30951,0
30952,0
30953,0
30956,0
30959,0
30960,0
30963,0
30966,0
30967,0
30970,0
30972,0
30973,0
30976,0
30978,0
30980,0
30984,0
30987,0
30997,0
30998,0
31002,0
31004,0
31006,0
31007,0
31009,0
31010,0
31011,0
31013,0
31014,0
31019,0
31020,0
31021,0
31023,0
31027,0
31028,0
31030,0
31032,0
31035,0
31042,0
31047,0
31051,0
31056,0
31062,0
31069,0
31070,0
31071,0
31073,0
31074,0
31075,0
31078,0
31083,0
31085,0
31092,0
31094,0
31095,0
31099,0
31104,0
31106,0
31108,0
31110,0
31113,0
31114,0
31115,0
31116,0
31117,0
31118,0
31119,0
31123,0
31124,0
31125,0
31126,0
31129,0
31131,0
31132,0
31133,0
31136,0
31139,0
31143,0
31147,0
31150,0
31151,0
31154,0
31157,0
31160,0
31162,0
31163,0
31167,0
31170,0
31175,0
31176,0
31178,0
31180,0
31181,0
31184,0
31191,0
31192,0
31195,0
31196,0
31198,0
31199,0
31200,0
31203,0
31209,0
31210,0
31212,0
31213,0
31216,0
31218,0
31220,0
31223,0
31226,0
31228,0
31229,0
31231,0
31238,0
31239,0
31246,0
31248,0
31253,0
31255,0
31259,0
31261,0
31262,0
31264,0
31265,0
31268,0
31271,0
31275,0
31278,0
31279,0
31284,0
31286,0
31288,0
31294,0
31303,0
31305,0
31308,0
31309,0
31311,0
31317,0
31318,0
31319,0
31320,0
31322,0
31323,0
31326,0
31328,0
31331,0
31332,0
31333,0
31337,0
31342,0
31344,0
31346,0
31350,0
31351,0
31352,0
31359,0
31361,0
31362,0
31369,0
31371,0
31373,0
31376,0
31383,0
31385,0
31386,0
31387,0
31392,0
31395,0
31398,0
31400,0
31407,0
31408,0
31409,0
31410,0
31411,0
31412,0
31413,0
31414,0
31416,0
31418,0
31427,0
31431,0
31432,0
31434,0
31435,0
31436,0
31439,0
31444,0
31447,0
31448,0
31450,0
31452,0
31454,0
31455,0
31456,0
31457,0
31460,0
31461,0
31474,0
31476,0
31478,0
31479,0
31481,0
31483,0
31486,0
31487,0
31488,0
31489,0
31492,0
31495,0
31496,0
31501,0
31504,0
31505,0
31507,0
31513,0
31514,0
31516,0
31519,0
31522,0
31524,0
31526,0
31527,0
31530,0
31538,0
31539,0
31540,0
31544,0
31545,0
31548,0
31549,0
31550,0
31554,0
31556,0
31560,0
31566,0
31570,0
31573,0
31577,0
31579,0
31580,0
31581,0
31587,0
31594,0
31595,0
31596,0
31597,0
31600,0
31602,0
31603,0
31604,0
31609,0
31613,0
31614,0
31619,0
31625,0
31627,0
31630,0
31633,0
31635,0
31639,0
31642,0
31643,0
31644,0
31645,0
31648,0
31649,0
31650,0
31657,0
31660,0
31662,0
31663,0
31664,0
31665,0
31666,0
31667,0
31671,0
31672,0
31673,0
31674,0
31678,0
31679,0
31680,0
31683,0
31686,0
31687,0
31688,0
31690,0
31691,0
31692,0
31700,0
31702,0
31704,0
31715,0
31716,0
31719,0
31722,0
31723,0
31724,0
31725,0
31728,0
31732,0
31733,0
31736,0
31737,0
31739,0
31741,0
31748,0
31750,0
31751,0
31761,0
31763,0
31767,0
31770,0
31771,0
31772,0
31773,0
31777,0
31779,0
31784,0
31788,0
31789,0
31790,0
31791,0
31792,0
31793,0
31795,0
31799,0
31801,0
31802,0
31803,0
31804,0
31806,0
31810,0
31812,0
31813,0
31814,0
31816,0
31818,0
31820,0
31821,0
31826,0
31828,0
31830,0
31831,0
31834,0
31836,0
31837,0
31838,0
31839,0
31841,0
31846,0
31847,0
31850,0
31851,0
31852,0
31853,0
31855,0
31856,0
31858,0
31864,0
31872,0
31873,0
31874,0
31875,0
31876,0
31877,0
31879,0
31881,0
31883,0
31884,0
31886,0
31887,0
31888,0
31891,0
31893,0
31894,0
31899,0
31901,0
31902,0
31905,0
31907,0
31912,0
31913,0
31915,0
31916,0
31925,0
31927,0
31931,0
31932,0
31933,0
31936,0
31937,0
31941,0
31943,0
31950,0
31951,0
31953,0
31957,0
31958,0
31962,0
31964,0
31966,0
31968,0
31971,0
31976,0
31977,0
31978,0
31979,0
31980,0
31981,0
31983,0
31990,0
31994,0
31995,0
31997,0
31998,0
32008,0
32011,0
32014,0
32016,0
32019,0
32020,0
32022,0
32023,0
32026,0
32028,0
32029,0
32030,0
32032,0
32033,0
32036,0
32037,0
32040,0
32048,0
32051,0
32052,0
32054,0
32057,0
32058,0
32063,0
32064,0
32065,0
32066,0
32067,0
32072,0
32075,0
32079,0
32080,0
32084,0
32090,0
32093,0
32094,0
32096,0
32097,0
32106,0
32110,0
32112,0
32121,0
32123,0
32125,0
32126,0
32127,0
32128,0
32130,0
32132,0
32135,0
32136,0
32137,0
32138,0
32139,0
32144,0
32145,0
32146,0
32154,0
32158,0
32162,0
32163,0
32171,0
32174,0
32175,0
32176,0
32178,0
32179,0
32182,0
32195,0
32196,0
32197,0
32199,0
32203,0
32206,0
32210,0
32212,0
32215,0
32218,0
32224,0
32225,0
32229,0
32230,0
32231,0
32233,0
32236,0
32238,0
32239,0
32240,0
32241,0
32245,0
32248,0
32250,0
32255,0
32257,0
32259,0
32267,0
32271,0
32273,0
32276,0
32280,0
32281,0
32284,0
32285,0
32286,0
32289,0
32290,0
32291,0
32307,0
32308,0
32311,0
32314,0
32316,0
32323,0
32324,0
32329,0
32334,0
32335,0
32338,0
32339,0
32342,0
32344,0
32346,0
32348,0
32350,0
32352,0
32354,0
32356,0
32357,0
32358,0
32362,0
32366,0
32370,0
32371,0
32372,0
32373,0
32375,0
32377,0
32380,0
32382,0
32383,0
32390,0
32391,0
32392,0
32394,0
32397,0
32403,0
32405,0
32407,0
32409,0
32412,0
32414,0
32420,0
32421,0
32422,0
32423,0
32427,0
32429,0
32431,0
32432,0
32433,0
32436,0
32437,0
32439,0
32440,0
32441,0
32442,0
32443,0
32444,0
32445,0
32447,0
32448,0
32452,0
32454,0
32461,0
32462,0
32463,0
32465,0
32466,0
32469,0
32470,0
32473,0
32484,0
32486,0
32487,0
32491,0
32492,0
32493,0
32494,0
32496,0
32497,0
32501,0
32504,0
32505,0
32510,0
32512,0
32513,0
32516,0
32519,0
32526,0
32527,0
32532,0
32533,0
32535,0
32539,0
32542,0
32545,0
32549,0
32550,0
32552,0
32553,0
32554,0
32555,0
32557,0
32558,0
32559,0
32560,0
32561,0
32562,0
32563,0
32564,0
32568,0
32575,0
32577,0
32583,0
32584,0
32586,0
32592,0
32593,0
32596,0
32602,0
32603,0
32606,0
32610,0
32612,0
32618,0
32619,0
32620,0
32623,0
32625,0
32630,0
32632,0
32637,0
32640,0
32641,0
32647,0
32648,0
32650,0
32653,0
32654,0
32661,0
32663,0
32665,0
32666,0
32667,0
32668,0
32673,0
32675,0
32679,0
32683,0
32686,0
32692,0
32693,0
32694,0
32696,0
32703,0
32705,0
32708,0
32709,0
32710,0
32711,0
32714,0
32716,0
32728,0
32734,0
32737,0
32740,0
32741,0
32742,0
32745,0
32751,0
32753,0
32756,0
32757,0
32760,0
32761,0
32762,0
32763,0
32765,0
32768,0
32769,0
32774,0
32775,0
32776,0
32777,0
32779,0
32782,0
32784,0
32785,0
32787,0
32791,0
32795,0
32796,0
32800,0
32803,0
32804,0
32810,0
32813,0
32814,0
32816,0
32818,0
32821,0
32823,0
32824,0
32827,0
32829,0
32830,0
32831,0
32833,0
32834,0
32835,0
32837,0
32842,0
32845,0
32846,0
32852,0
32853,0
32855,0
32857,0
32863,0
32864,0
32874,0
32875,0
32876,0
32883,0
32885,0
32886,0
32890,0
32895,0
32897,0
32900,0
32901,0
32902,0
32907,0
32911,0
32917,0
32918,0
32919,0
32922,0
32924,0
32929,0
32934,0
32938,0
32940,0
32942,0
32944,0
32945,0
32946,0
32949,0
32953,0
32960,0
32966,0
32967,0
32969,0
32973,0
32975,0
32977,0
32980,0
32981,0
32983,0
32987,0
32991,0
32992,0
32999,0
33000,0
33001,0
33004,0
33007,0
33009,0
33013,0
33019,0
33023,0
33029,0
33035,0
33036,0
33040,0
33041,0
33042,0
33044,0
33049,0
33055,0
33058,0
33060,0
33070,0
33072,0
33073,0
33074,0
33076,0
33077,0
33078,0
33079,0
33080,0
33082,0
33086,0
33088,0
33092,0
33093,0
33095,0
33096,0
33098,0
33100,0
33101,0
33102,0
33105,0
33106,0
33108,0
33110,0
33113,0
33115,0
33124,0
33127,0
33130,0
33133,0
33138,0
33139,0
33141,0
33145,0
33146,0
33150,0
33152,0
33155,0
33157,0
33159,0
33165,0
33173,0
33174,0
33177,0
33178,0
33179,0
33184,0
33192,0
33195,0
33198,0
33199,0
33201,0
33204,0
33205,0
33209,0
33212,0
33217,0
33220,0
33221,0
33224,0
33226,0
33229,0
33231,0
33232,0
33235,0
33236,0
33237,0
33238,0
33239,0
33242,0
33243,0
33250,0
33251,0
33252,0
33253,0
33261,0
33262,0
33265,0
33267,0
33269,0
33274,0
33275,0
33280,0
33281,0
33282,0
33284,0
33290,0
33292,0
33295,0
33300,0
33301,0
33302,0
33305,0
33309,0
33312,0
33314,0
33317,0
33318,0
33320,0
33322,0
33323,0
33328,0
33329,0
33333,0
33337,0
33342,0
33344,0
33346,0
33349,0
33354,0
33359,0
33360,0
33366,0
33367,0
33370,0
33371,0
33377,0
33378,0
33381,0
33385,0
33389,0
33390,0
33391,0
33392,0
33393,0
33394,0
33395,0
33396,0
33397,0
33407,0
33410,0
33412,0
33413,0
33415,0
33417,0
33419,0
33422,0
33423,0
33427,0
33430,0
33433,0
33435,0
33436,0
33438,0
33439,0
33444,0
33448,0
33454,0
33457,0
33462,0
33463,0
33464,0
33468,0
33470,0
33474,0
33478,0
33479,0
33480,0
33483,0
33489,0
33491,0
33498,0
33499,0
33502,0
33507,0
33508,0
33510,0
33516,0
33517,0
33519,0
33520,0
33523,0
33524,0
33525,0
33526,0
33529,0
33530,0
33531,0
33532,0
33536,0
33541,0
33545,0
33547,0
33548,0
33549,0
33551,0
33552,0
33555,0
33558,0
33560,0
33562,0
33565,0
33566,0
33572,0
33577,0
33580,0
33581,0
33586,0
33594,0
33598,0
33602,0
33604,0
33605,0
33607,0
33608,0
33609,0
33614,0
33617,0
33618,0
33622,0
33629,0
33632,0
33634,0
33636,0
33638,0
33642,0
33648,0
33649,0
33652,0
33656,0
33658,0
33659,0
33660,0
33663,0
33667,0
33673,0
33675,0
33676,0
33677,0
33682,0
33685,0
33687,0
33688,0
33690,0
33694,0
33697,0
33698,0
33701,0
33702,0
33703,0
33705,0
33709,0
33711,0
33712,0
33714,0
33719,0
33725,0
33727,0
33728,0
33729,0
33734,0
33737,0
33743,0
33744,0
33750,0
33753,0
33754,0
33756,0
33760,0
33761,0
33766,0
33768,0
33769,0
33774,0
33779,0
33782,0
33784,0
33786,0
33789,0
33791,0
33792,0
33794,0
33795,0
33796,0
33797,0
33800,0
33803,0
33807,0
33809,0
33816,0
33819,0
33820,0
33822,0
33825,0
33826,0
33827,0
33829,0
33830,0
33834,0
33848,0
33849,0
33851,0
33852,0
33854,0
33857,0
33858,0
33862,0
33863,0
33865,0
33879,0
33880,0
33883,0
33884,0
33885,0
33887,0
33890,0
33898,0
33899,0
33901,0
33904,0
33906,0
33907,0
33909,0
33911,0
33913,0
33916,0
33923,0
33925,0
33926,0
33928,0
33934,0
33936,0
33938,0
33942,0
33948,0
33950,0
33953,0
33954,0
33957,0
33958,0
33959,0
33964,0
33969,0
33971,0
33973,0
33982,0
33983,0
33986,0
33989,0
33990,0
33995,0
33998,0
34001,0
34005,0
34008,0
34011,0
34012,0
34017,0
34023,0
34024,0
34028,0
34033,0
34037,0
34039,0
34041,0
34043,0
34045,0
34047,0
34054,0
34056,0
34062,0
34064,0
34066,0
34067,0
34069,0
34072,0
34073,0
34074,0
34076,0
34079,0
34080,0
34086,0
34089,0
34092,0
34094,0
34096,0
34099,0
34104,0
34105,0
34108,0
34115,0
34118,0
34119,0
34124,0
34125,0
34126,0
34129,0
34137,0
34138,0
34142,0
34143,0
34144,0
34145,0
34150,0
34152,0
34153,0
34155,0
34159,0
34162,0
34163,0
34167,0
34168,0
34170,0
34173,0
34178,0
34179,0
34180,0
34181,0
34184,0
34185,0
34187,0
34189,0
34190,0
34192,0
34200,0
34207,0
34208,0
34209,0
34210,0
34213,0
34215,0
34219,0
34222,0
34230,0
34236,0
34237,0
34239,0
34242,0
34247,0
34250,0
34258,0
34259,0
34263,0
34264,0
34265,0
34266,0
34269,0
34272,0
34273,0
34277,0
34278,0
34279,0
34281,0
34283,0
34288,0
34289,0
34290,0
34292,0
34295,0
34299,0
34301,0
34304,0
34305,0
34306,0
34308,0
34309,0
34310,0
34311,0
34313,0
34314,0
34315,0
34316,0
34319,0
34322,0
34326,0
34328,0
34330,0
34332,0
34334,0
34335,0
34339,0
34340,0
34344,0
34347,0
34349,0
34358,0
34359,0
34364,0
34365,0
34366,0
34370,0
34371,0
34372,0
34374,0
34375,0
34376,0
34377,0
34380,0
34382,0
34386,0
34387,0
34389,0
34394,0
34395,0
34396,0
34399,0
34407,0
34410,0
34421,0
34423,0
34428,0
34429,0
34433,0
34439,0
34442,0
34448,0
34451,0
34453,0
34454,0
34455,0
34457,0
34462,0
34464,0
34468,0
34471,0
34475,0
34479,0
34480,0
34486,0
34487,0
34488,0
34490,0
34494,0
34497,0
34499,0
34500,0
34505,0
34507,0
34509,0
34511,0
34512,0
34517,0
34519,0
34522,0
34531,0
34539,0
34540,0
34543,0
34546,0
34552,0
34555,0
34560,0
34563,0
34568,0
34570,0
34572,0
34575,0
34576,0
34577,0
34581,0
34583,0
34585,0
34587,0
34588,0
34590,0
34594,0
34596,0
34601,0
34606,0
34608,0
34609,0
34610,0
34613,0
34614,0
34615,0
34618,0
34625,0
34626,0
34628,0
34630,0
34632,0
34633,0
34636,0
34637,0
34639,0
34640,0
34642,0
34644,0
34646,0
34648,0
34651,0
34655,0
34656,0
34657,0
34661,0
34662,0
34665,0
34666,0
34680,0
34684,0
34685,0
34686,0
34689,0
34696,0
34697,0
34703,0
34707,0
34709,0
34711,0
34712,0
34714,0
34716,0
34717,0
34718,0
34720,0
34723,0
34726,0
34728,0
34733,0
34734,0
34737,0
34738,0
34746,0
34747,0
34751,0
34753,0
34758,0
34759,0
34760,0
34762,0
34764,0
34765,0
34766,0
34768,0
34770,0
34771,0
34775,0
34780,0
34782,0
34784,0
34787,0
34788,0
34790,0
34791,0
34797,0
34801,0
34802,0
34805,0
34808,0
34809,0
34810,0
34813,0
34815,0
34818,0
34821,0
34825,0
34827,0
34831,0
34832,0
34833,0
34836,0
34837,0
34839,0
34842,0
34845,0
34850,0
34853,0
34854,0
34855,0
34857,0
34858,0
34859,0
34862,0
34864,0
34865,0
34866,0
34868,0
34870,0
34873,0
34875,0
34880,0
34887,0
34889,0
34890,0
34891,0
34894,0
34900,0
34902,0
34903,0
34907,0
34908,0
34922,0
34923,0
34927,0
34929,0
34930,0
34931,0
34936,0
34938,0
34940,0
34942,0
34945,0
34950,0
34954,0
34956,0
34957,0
34959,0
34961,0
34970,0
34973,0
34974,0
34979,0
34981,0
34985,0
34987,0
34991,0
34992,0
34998,0
35007,0
35010,0
35011,0
35016,0
35018,0
35019,0
35021,0
35022,0
35023,0
35032,0
35033,0
35037,0
35042,0
35044,0
35046,0
35052,0
35058,0
35059,0
35061,0
35066,0
35067,0
35071,0
35073,0
35074,0
35075,0
35076,0
35077,0
35080,0
35083,0
35084,0
35085,0
35088,0
35093,0
35095,0
35097,0
35099,0
35102,0
35104,0
35105,0
35108,0
35110,0
35111,0
35113,0
35115,0
35117,0
35122,0
35123,0
35124,0
35125,0
35126,0
35127,0
35128,0
35131,0
35134,0
35136,0
35137,0
35140,0
35141,0
35145,0
35147,0
35152,0
35154,0
35158,0
35160,0
35162,0
35163,0
35166,0
35168,0
35171,0
35174,0
35177,0
35179,0
35180,0
35182,0
35187,0
35188,0
35190,0
35195,0
35196,0
35198,0
35201,0
35202,0
35205,0
35209,0
35213,0
35214,0
35215,0
35219,0
35221,0
35227,0
35237,0
35240,0
35244,0
35247,0
35248,0
35252,0
35254,0
35256,0
35258,0
35262,0
35264,0
35272,0
35273,0
35275,0
35277,0
35279,0
35281,0
35284,0
35286,0
35298,0
35301,0
35304,0
35310,0
35314,0
35315,0
35316,0
35319,0
35321,0
35323,0
35324,0
35325,0
35326,0
35327,0
35328,0
35329,0
35330,0
35331,0
35334,0
35335,0
35337,0
35338,0
35341,0
35346,0
35347,0
35350,0
35352,0
35359,0
35365,0
35367,0
35370,0
35372,0
35374,0
35381,0
35382,0
35384,0
35387,0
35389,0
35391,0
35393,0
35395,0
35396,0
35400,0
35402,0
35403,0
35404,0
35405,0
35408,0
35417,0
35418,0
35420,0
35421,0
35425,0
35426,0
35428,0
35436,0
35437,0
35440,0
35441,0
35442,0
35443,0
35444,0
35449,0
35450,0
35453,0
35454,0
35456,0
35457,0
35464,0
35471,0
35472,0
35475,0
35476,0
35478,0
35479,0
35481,0
35483,0
35489,0
35495,0
35496,0
35497,0
35502,0
35503,0
35505,0
35507,0
35510,0
35516,0
35517,0
35519,0
35524,0
35525,0
35526,0
35529,0
35530,0
35531,0
35536,0
35539,0
35542,0
35543,0
35544,0
35546,0
35550,0
35551,0
35553,0
35554,0
35556,0
35557,0
35560,0
35565,0
35567,0
35571,0
35573,0
35575,0
35579,0
35580,0
35581,0
35582,0
35586,0
35588,0
35593,0
35611,0
35612,0
35616,0
35618,0
35622,0
35623,0
35624,0
35625,0
35626,0
35629,0
35631,0
35632,0
35633,0
35639,0
35640,0
35641,0
35644,0
35646,0
35656,0
35659,0
35662,0
35663,0
35664,0
35665,0
35667,0
35668,0
35670,0
35678,0
35679,0
35682,0
35683,0
35685,0
35688,0
35691,0
35692,0
35693,0
35696,0
35697,0
35703,0
35706,0
35707,0
35709,0
35710,0
35711,0
35713,0
35715,0
35716,0
35718,0
35724,0
35731,0
35733,0
35735,0
35736,0
35739,0
35743,0
35749,0
35750,0
35751,0
35754,0
35759,0
35761,0
35763,0
35765,0
35767,0
35773,0
35779,0
35780,0
35784,0
35786,0
35787,0
35793,0
35794,0
35795,0
35797,0
35800,0
35802,0
35805,0
35806,0
35808,0
35819,0
35821,0
35825,0
35827,0
35829,0
35830,0
35833,0
35835,0
35836,0
35838,0
35840,0
35842,0
35843,0
35844,0
35845,0
35847,0
35849,0
35852,0
35856,0
35867,0
35869,0
35874,0
35877,0
35884,0
35888,0
35889,0
35893,0
35894,0
35895,0
35898,0
35904,0
35909,0
35911,0
35913,0
35914,0
35916,0
35917,0
35920,0
35921,0
35922,0
35924,0
35929,0
35932,0
35935,0
35939,0
35941,0
35943,0
35945,0
35946,0
35948,0
35950,0
35953,0
35954,0
35955,0
35957,0
35965,0
35972,0
35975,0
35978,0
35979,0
35982,0
35989,0
35992,0
35994,0
35995,0
36000,0
36001,0
36002,0
36005,0
36012,0
36016,0
36019,0
36023,0
36027,0
36029,0
36031,0
36033,0
36036,0
36038,0
36040,0
36041,0
36045,0
36046,0
36049,0
36050,0
36051,0
36053,0
36054,0
36059,0
36060,0
36065,0
36073,0
36074,0
36080,0
36083,0
36085,0
36091,0
36094,0
36097,0
36098,0
36101,0
36104,0
36105,0
36106,0
36110,0
36111,0
36113,0
36114,0
36120,0
36121,0
36124,0
36126,0
36128,0
36130,0
36131,0
36132,0
36136,0
36140,0
36142,0
36144,0
36146,0
36150,0
36151,0
36153,0
36155,0
36156,0
36158,0
36161,0
36163,0
36165,0
36167,0
36173,0
36174,0
36175,0
36177,0
36181,0
36184,0
36187,0
36191,0
36193,0
36197,0
36198,0
36199,0
36201,0
36207,0
36210,0
36216,0
36220,0
36221,0
36224,0
36225,0
36226,0
36227,0
36229,0
36230,0
36232,0
36234,0
36235,0
36237,0
36242,0
36248,0
36251,0
36254,0
36260,0
36265,0
36269,0
36274,0
36276,0
36278,0
36280,0
36281,0
36285,0
36287,0
36288,0
36291,0
36292,0
36294,0
36298,0
36299,0
36302,0
36304,0
36306,0
36312,0
36315,0
36316,0
36318,0
36321,0
36322,0
36323,0
36326,0
36330,0
36333,0
36339,0
36342,0
36348,0
36351,0
36354,0
36355,0
36359,0
36362,0
36364,0
36366,0
36367,0
36369,0
36371,0
36373,0
36375,0
36378,0
36379,0
36380,0
36381,0
36382,0
36383,0
36384,0
36385,0
36386,0
36388,0
36390,0
36394,0
36397,0
36398,0
36399,0
36401,0
36403,0
36404,0
36405,0
36406,0
36408,0
36411,0
36412,0
36415,0
36416,0
36417,0
36418,0
36419,0
36422,0
36425,0
36428,0
36429,0
36430,0
36431,0
36432,0
36435,0
36436,0
36442,0
36444,0
36447,0
36448,0
36449,0
36451,0
36453,0
36456,0
36462,0
36463,0
36464,0
36465,0
36466,0
36468,0
36473,0
36474,0
36475,0
36481,0
36485,0
36488,0
36489,0
36493,0
36495,0
36497,0
36498,0
36499,0
36501,0
36503,0
36508,0
36511,0
36519,0
36522,0
36523,0
36524,0
36525,0
36533,0
36534,0
36538,0
36539,0
36542,0
36543,0
36544,0
36546,0
36547,0
36548,0
36549,0
36550,0
36552,0
36554,0
36555,0
36557,0
36559,0
36562,0
36564,0
36569,0
36573,0
36574,0
36575,0
36576,0
36577,0
36578,0
36581,0
36584,0
36589,0
36593,0
36594,0
36595,0
36596,0
36597,0
36598,0
36600,0
36602,0
36609,0
36610,0
36611,0
36618,0
36621,0
36623,0
36626,0
36627,0
36629,0
36632,0
36633,0
36636,0
36637,0
36643,0
36645,0
36647,0
36648,0
36652,0
36653,0
36654,0
36657,0
36658,0
36660,0
36663,0
36664,0
36665,0
36674,0
36679,0
36681,0
36682,0
36684,0
36685,0
36687,0
36688,0
36692,0
36694,0
36696,0
36702,0
36704,0
36707,0
36709,0
36717,0
36721,0
36723,0
36724,0
36725,0
36727,0
36728,0
36730,0
36731,0
36733,0
36734,0
36735,0
36737,0
36738,0
36749,0
36751,0
36753,0
36757,0
36758,0
36761,0
36766,0
36767,0
36774,0
36776,0
36782,0
36786,0
36787,0
36788,0
36790,0
36794,0
36796,0
36798,0
36799,0
36803,0
36806,0
36808,0
36816,0
36822,0
36823,0
36824,0
36837,0
36842,0
36846,0
36847,0
36848,0
36852,0
36854,0
36860,0
36861,0
36864,0
36868,0
36871,0
36873,0
36881,0
36882,0
36884,0
36885,0
36889,0
36890,0
36893,0
36894,0
36896,0
36897,0
36898,0
36899,0
36907,0
36910,0
36915,0
36916,0
36917,0
36920,0
36922,0
36923,0
36924,0
36927,0
36929,0
36930,0
36931,0
36933,0
36935,0
36936,0
36938,0
36946,0
36947,0
36949,0
36950,0
36955,0
36956,0
36957,0
36959,0
36962,0
36963,0
36964,0
36969,0
36970,0
36977,0
36978,0
36980,0
36985,0
36991,0
36993,0
36994,0
36996,0
36997,0
36998,0
37001,0
37002,0
37004,0
37006,0
37011,0
37013,0
37014,0
37015,0
37018,0
37019,0
37021,0
37022,0
37026,0
37027,0
37029,0
37032,0
37034,0
37036,0
37037,0
37039,0
37040,0
37044,0
37046,0
37048,0
37052,0
37055,0
37058,0
37059,0
37062,0
37063,0
37073,0
37077,0
37078,0
37085,0
37087,0
37089,0
37091,0
37096,0
37099,0
37101,0
37105,0
37106,0
37107,0
37109,0
37111,0
37113,0
37120,0
37121,0
37122,0
37124,0
37126,0
37129,0
37131,0
37138,0
37139,0
37141,0
37143,0
37144,0
37145,0
37146,0
37147,0
37149,0
37151,0
37161,0
37163,0
37166,0
37168,0
37172,0
37174,0
37178,0
37185,0
37186,0
37188,0
37189,0
37191,0
37196,0
37201,0
37202,0
37203,0
37208,0
37209,0
37211,0
37214,0
37216,0
37218,0
37220,0
37224,0
37225,0
37230,0
37234,0
37235,0
37236,0
37238,0
37239,0
37243,0
37245,0
37247,0
37248,0
37255,0
37260,0
37269,0
37275,0
37282,0
37285,0
37287,0
37290,0
37291,0
37292,0
37301,0
37306,0
37309,0
37310,0
37312,0
37313,0
37314,0
37317,0
37324,0
37325,0
37326,0
37329,0
37333,0
37335,0
37336,0
37341,0
37343,0
37346,0
37348,0
37351,0
37352,0
37364,0
37367,0
37369,0
37373,0
37375,0
37378,0
37379,0
37382,0
37383,0
37385,0
37386,0
37396,0
37401,0
37402,0
37403,0
37411,0
37415,0
37418,0
37424,0
37426,0
37429,0
37430,0
37440,0
37446,0
37448,0
37449,0
37451,0
37453,0
37455,0
37457,0
37458,0
37462,0
37463,0
37466,0
37467,0
37469,0
37474,0
37475,0
37477,0
37481,0
37485,0
37486,0
37490,0
37492,0
37496,0
37499,0
37501,0
37503,0
37504,0
37509,0
37516,0
37517,0
37518,0
37520,0
37521,0
37522,0
37523,0
37527,0
37530,0
37531,0
37540,0
37543,0
37546,0
37547,0
37548,0
37552,0
37554,0
37555,0
37559,0
37563,0
37567,0
37569,0
37570,0
37571,0
37575,0
37577,0
37578,0
37580,0
37581,0
37583,0
37584,0
37586,0
37592,0
37593,0
37594,0
37596,0
37597,0
37599,0
37600,0
37601,0
37603,0
37604,0
37607,0
37608,0
37611,0
37612,0
37614,0
37619,0
37620,0
37627,0
37631,0
37633,0
37634,0
37635,0
37638,0
37640,0
37642,0
37646,0
37647,0
37649,0
37650,0
37660,0
37666,0
37668,0
37669,0
37671,0
37672,0
37674,0
37676,0
37679,0
37680,0
37681,0
37682,0
37683,0
37684,0
37685,0
37686,0
37687,0
37688,0
37689,0
37697,0
37700,0
37703,0
37708,0
37709,0
37710,0
37712,0
37713,0
37714,0
37719,0
37721,0
37723,0
37726,0
37727,0
37728,0
37729,0
37730,0
37733,0
37736,0
37741,0
37743,0
37744,0
37745,0
37746,0
37749,0
37751,0
37756,0
37759,0
37760,0
37763,0
37772,0
37774,0
37775,0
37777,0
37779,0
37785,0
37788,0
37789,0
37792,0
37793,0
37794,0
37795,0
37799,0
37804,0
37806,0
37809,0
37820,0
37829,0
37830,0
37832,0
37835,0
37838,0
37843,0
37851,0
37853,0
37855,0
37856,0
37863,0
37871,0
37873,0
37874,0
37876,0
37879,0
37881,0
37888,0
37889,0
37891,0
37893,0
37899,0
37903,0
37906,0
37907,0
37911,0
37913,0
37915,0
37919,0
37921,0
37922,0
37924,0
37925,0
37926,0
37928,0
37929,0
37931,0
37932,0
37933,0
37934,0
37935,0
37937,0
37939,0
37940,0
37942,0
37943,0
37944,0
37945,0
37949,0
37955,0
37961,0
37964,0
37970,0
37971,0
37977,0
37984,0
37993,0
37994,0
37996,0
38000,0
38003,0
38004,0
38008,0
38011,0
38014,0
38015,0
38019,0
38020,0
38021,0
38022,0
38024,0
38025,0
38026,0
38028,0
38029,0
38036,0
38041,0
38043,0
38048,0
38050,0
38052,0
38056,0
38058,0
38067,0
38068,0
38070,0
38073,0
38074,0
38075,0
38076,0
38078,0
38081,0
38084,0
38086,0
38091,0
38092,0
38094,0
38099,0
38102,0
38103,0
38104,0
38105,0
38106,0
38108,0
38111,0
38114,0
38115,0
38116,0
38117,0
38123,0
38124,0
38125,0
38126,0
38127,0
38128,0
38130,0
38131,0
38132,0
38134,0
38135,0
38144,0
38145,0
38146,0
38147,0
38150,0
38154,0
38155,0
38156,0
38164,0
38165,0
38166,0
38167,0
38170,0
38172,0
38173,0
38174,0
38175,0
38177,0
38180,0
38181,0
38182,0
38183,0
38184,0
38185,0
38188,0
38189,0
38194,0
38195,0
38198,0
38200,0
38204,0
38207,0
38208,0
38210,0
38218,0
38219,0
38220,0
38221,0
38222,0
38223,0
38226,0
38228,0
38231,0
38233,0
38235,0
38236,0
38237,0
38238,0
38239,0
38240,0
38241,0
38242,0
38247,0
38248,0
38250,0
38252,0
38253,0
38256,0
38258,0
38273,0
38274,0
38275,0
38276,0
38277,0
38279,0
38284,0
38285,0
38287,0
38291,0
38294,0
38295,0
38308,0
38314,0
38315,0
38316,0
38317,0
38320,0
38323,0
38324,0
38325,0
38330,0
38331,0
38332,0
38336,0
38337,0
38340,0
38342,0
38343,0
38345,0
38352,0
38356,0
38357,0
38358,0
38362,0
38363,0
38366,0
38376,0
38378,0
38380,0
38381,0
38382,0
38385,0
38389,0
38390,0
38394,0
38395,0
38400,0
38401,0
38405,0
38410,0
38412,0
38415,0
38420,0
38422,0
38424,0
38426,0
38427,0
38429,0
38430,0
38432,0
38433,0
38435,0
38443,0
38444,0
38445,0
38446,0
38447,0
38452,0
38453,0
38454,0
38456,0
38457,0
38459,0
38460,0
38461,0
38465,0
38466,0
38470,0
38475,0
38476,0
38477,0
38478,0
38480,0
38481,0
38485,0
38486,0
38490,0
38492,0
38503,0
38504,0
38506,0
38509,0
38511,0
38515,0
38519,0
38520,0
38521,0
38522,0
38523,0
38525,0
38533,0
38535,0
38539,0
38541,0
38543,0
38544,0
38545,0
38546,0
38549,0
38551,0
38553,0
38557,0
38558,0
38560,0
38562,0
38563,0
38565,0
38566,0
38567,0
38570,0
38576,0
38579,0
38580,0
38581,0
38582,0
38591,0
38594,0
38596,0
38598,0
38601,0
38603,0
38606,0
38607,0
38616,0
38617,0
38618,0
38619,0
38621,0
38622,0
38624,0
38632,0
38633,0
38634,0
38637,0
38638,0
38641,0
38644,0
38645,0
38646,0
38650,0
38651,0
38652,0
38656,0
38660,0
38662,0
38665,0
38669,0
38670,0
38672,0
38674,0
38676,0
38677,0
38680,0
38683,0
38685,0
38687,0
38694,0
38697,0
38698,0
38703,0
38704,0
38707,0
38718,0
38719,0
38720,0
38722,0
38726,0
38729,0
38731,0
38732,0
38733,0
38735,0
38736,0
38740,0
38741,0
38746,0
38747,0
38748,0
38749,0
38753,0
38761,0
38762,0
38764,0
38768,0
38771,0
38775,0
38776,0
38778,0
38779,0
38780,0
38781,0
38782,0
38784,0
38787,0
38788,0
38789,0
38790,0
38791,0
38797,0
38801,0
38802,0
38806,0
38807,0
38810,0
38811,0
38812,0
38816,0
38817,0
38819,0
38820,0
38822,0
38828,0
38831,0
38838,0
38839,0
38840,0
38841,0
38842,0
38843,0
38845,0
38847,0
38848,0
38852,0
38853,0
38854,0
38858,0
38860,0
38863,0
38866,0
38867,0
38875,0
38876,0
38880,0
38882,0
38884,0
38887,0
38889,0
38890,0
38892,0
38893,0
38894,0
38896,0
38902,0
38903,0
38905,0
38906,0
38910,0
38911,0
38913,0
38915,0
38916,0
38917,0
38919,0
38921,0
38922,0
38928,0
38931,0
38934,0
38936,0
38941,0
38943,0
38944,0
38946,0
38948,0
38951,0
38956,0
38958,0
38961,0
38962,0
38963,0
38968,0
38974,0
38975,0
38979,0
38980,0
38983,0
38985,0
38986,0
38995,0
38998,0
38999,0
39001,0
39004,0
39007,0
39008,0
39013,0
39014,0
39018,0
39020,0
39021,0
39029,0
39033,0
39034,0
39038,0
39040,0
39041,0
39042,0
39043,0
39049,0
39050,0
39051,0
39053,0
39060,0
39061,0
39062,0
39064,0
39066,0
39067,0
39069,0
39070,0
39072,0
39078,0
39081,0
39083,0
39088,0
39092,0
39093,0
39096,0
39099,0
39101,0
39102,0
39104,0
39109,0
39114,0
39116,0
39121,0
39122,0
39126,0
39128,0
39130,0
39134,0
39135,0
39137,0
39140,0
39141,0
39142,0
39146,0
39148,0
39149,0
39151,0
39152,0
39153,0
39156,0
39157,0
39160,0
39161,0
39164,0
39168,0
39171,0
39178,0
39179,0
39180,0
39184,0
39185,0
39186,0
39188,0
39190,0
39193,0
39196,0
39198,0
39200,0
39204,0
39207,0
39209,0
39211,0
39217,0
39218,0
39223,0
39227,0
39230,0
39232,0
39233,0
39234,0
39241,0
39242,0
39246,0
39249,0
39251,0
39257,0
39259,0
39260,0
39261,0
39262,0
39264,0
39267,0
39269,0
39270,0
39279,0
39281,0
39282,0
39283,0
39284,0
39285,0
39288,0
39289,0
39293,0
39294,0
39298,0
39299,0
39300,0
39303,0
39309,0
39310,0
39312,0
39314,0
39317,0
39321,0
39328,0
39330,0
39339,0
39342,0
39345,0
39347,0
39350,0
39353,0
39355,0
39356,0
39358,0
39360,0
39366,0
39368,0
39369,0
39372,0
39374,0
39375,0
39376,0
39380,0
39387,0
39388,0
39392,0
39393,0
39394,0
39398,0
39400,0
39401,0
39402,0
39405,0
39407,0
39408,0
39411,0
39412,0
39415,0
39417,0
39418,0
39421,0
39423,0
39425,0
39426,0
39428,0
39429,0
39431,0
39434,0
39437,0
39441,0
39443,0
39444,0
39445,0
39448,0
39449,0
39454,0
39459,0
39460,0
39461,0
39464,0
39465,0
39466,0
39468,0
39471,0
39473,0
39474,0
39476,0
39479,0
39480,0
39482,0
39483,0
39485,0
39487,0
39494,0
39501,0
39504,0
39508,0
39509,0
39514,0
39515,0
39518,0
39519,0
39520,0
39524,0
39525,0
39527,0
39528,0
39530,0
39531,0
39533,0
39534,0
39535,0
39536,0
39543,0
39546,0
39550,0
39555,0
39558,0
39559,0
39560,0
39563,0
39567,0
39568,0
39570,0
39576,0
39578,0
39581,0
39583,0
39587,0
39588,0
39592,0
39595,0
39598,0
39600,0
39604,0
39606,0
39608,0
39611,0
39615,0
39616,0
39619,0
39620,0
39621,0
39624,0
39630,0
39633,0
39638,0
39639,0
39642,0
39645,0
39646,0
39649,0
39650,0
39659,0
39661,0
39662,0
39664,0
39668,0
39669,0
39672,0
39674,0
39677,0
39681,0
39688,0
39690,0
39691,0
39694,0
39695,0
39698,0
39700,0
39702,0
39705,0
39709,0
39710,0
39713,0
39714,0
39717,0
39718,0
39719,0
39720,0
39724,0
39725,0
39727,0
39729,0
39735,0
39736,0
39737,0
39741,0
39746,0
39747,0
39757,0
39758,0
39759,0
39761,0
39762,0
39764,0
39771,0
39772,0
39773,0
39775,0
39776,0
39778,0
39779,0
39781,0
39782,0
39783,0
39784,0
39785,0
39789,0
39790,0
39795,0
39798,0
39799,0
39800,0
39801,0
39807,0
39811,0
39816,0
39817,0
39818,0
39825,0
39826,0
39827,0
39829,0
39830,0
39831,0
39832,0
39842,0
39843,0
39846,0
39851,0
39856,0
39858,0
39859,0
39861,0
39864,0
39865,0
39867,0
39871,0
39874,0
39876,0
39878,0
39879,0
39880,0
39882,0
39883,0
39885,0
39889,0
39893,0
39895,0
39907,0
39908,0
39910,0
39912,0
39919,0
39922,0
39923,0
39924,0
39927,0
39928,0
39929,0
39930,0
39931,0
39935,0
39937,0
39938,0
39941,0
39943,0
39945,0
39947,0
39948,0
39950,0
39954,0
39955,0
39956,0
39957,0
39958,0
39959,0
39962,0
39963,0
39967,0
39968,0
39970,0
39972,0
39975,0
39977,0
39979,0
39980,0
39981,0
39984,0
39985,0
39986,0
39988,0
39990,0
39991,0
39992,0
39993,0
39994,0
39999,0
40000,0
40005,0
40008,0
40011,0
40013,0
40015,0
40018,0
40019,0
40020,0
40021,0
40023,0
40024,0
40027,0
40031,0
40033,0
40039,0
40040,0
40042,0
40043,0
40044,0
40046,0
40047,0
40048,0
40050,0
40054,0
40061,0
40063,0
40069,0
40070,0
40071,0
40072,0
40074,0
40076,0
40081,0
40084,0
40085,0
40086,0
40087,0
40089,0
40091,0
40093,0
40099,0
40101,0
40104,0
40105,0
40115,0
40117,0
40118,0
40120,0
40121,0
40123,0
40124,0
40129,0
40130,0
40131,0
40133,0
40135,0
40136,0
40143,0
40148,0
40149,0
40150,0
40151,0
40153,0
40154,0
40155,0
40156,0
40161,0
40163,0
40164,0
40165,0
40167,0
40168,0
40169,0
40171,0
40178,0
40180,0
40182,0
40187,0
40189,0
40192,0
40195,0
40196,0
40198,0
40201,0
40206,0
40207,0
40208,0
40209,0
40212,0
40215,0
40216,0
40220,0
40222,0
40223,0
40224,0
40227,0
40229,0
40232,0
40236,0
40237,0
40238,0
40240,0
40242,0
40244,0
40246,0
40247,0
40249,0
40253,0
40260,0
40262,0
40263,0
40265,0
40267,0
40268,0
40271,0
40273,0
40275,0
40276,0
40281,0
40283,0
40284,0
40285,0
40287,0
40288,0
40289,0
40293,0
40295,0
40297,0
40299,0
40300,0
40303,0
40305,0
40306,0
40309,0
40313,0
40319,0
40329,0
40333,0
40335,0
40338,0
40343,0
40344,0
40347,0
40348,0
40349,0
40355,0
40356,0
40359,0
40360,0
40362,0
40364,0
40365,0
40366,0
40369,0
40371,0
40379,0
40383,0
40384,0
40386,0
40392,0
40394,0
40395,0
40397,0
40400,0
40403,0
40404,0
40411,0
40412,0
40413,0
40415,0
40418,0
40422,0
40428,0
40429,0
40431,0
40437,0
40441,0
40445,0
40453,0
40456,0
40457,0
40460,0
40468,0
40469,0
40471,0
40473,0
40474,0
40475,0
40476,0
40477,0
40484,0
40487,0
40491,0
40497,0
40500,0
40502,0
40505,0
40507,0
40511,0
40512,0
40513,0
40514,0
40517,0
40518,0
40519,0
40521,0
40523,0
40526,0
40527,0
40529,0
40532,0
40533,0
40535,0
40539,0
40541,0
40542,0
40544,0
40545,0
40547,0
40548,0
40549,0
40551,0
40554,0
40556,0
40557,0
40558,0
40559,0
40560,0
40561,0
40563,0
40567,0
40568,0
40573,0
40575,0
40576,0
40577,0
40583,0
40587,0
40588,0
40589,0
40590,0
40592,0
40593,0
40596,0
40597,0
40604,0
40606,0
40611,0
40612,0
40616,0
40617,0
40618,0
40619,0
40624,0
40625,0
40626,0
40627,0
40633,0
40636,0
40638,0
40639,0
40640,0
40641,0
40643,0
40645,0
40649,0
40650,0
40656,0
40657,0
40660,0
40661,0
40663,0
40664,0
40665,0
40677,0
40683,0
40689,0
40690,0
40691,0
40692,0
40694,0
40695,0
40696,0
40697,0
40698,0
40700,0
40702,0
40703,0
40705,0
40708,0
40710,0
40711,0
40712,0
40713,0
40715,0
40716,0
40720,0
40722,0
40723,0
40725,0
40731,0
40737,0
40738,0
40742,0
40749,0
40751,0
40758,0
40762,0
40772,0
40773,0
40776,0
40777,0
40782,0
40783,0
40785,0
40786,0
40787,0
40789,0
40790,0
40791,0
40796,0
40797,0
40798,0
40799,0
40803,0
40813,0
40815,0
40818,0
40819,0
40820,0
40823,0
40824,0
40826,0
40828,0
40829,0
40831,0
40833,0
40835,0
40837,0
40838,0
40841,0
40842,0
40843,0
40851,0
40853,0
40854,0
40858,0
40862,0
40865,0
40870,0
40871,0
40873,0
40874,0
40878,0
40879,0
40880,0
40882,0
40888,0
40889,0
40890,0
40892,0
40897,0
40898,0
40900,0
40901,0
40904,0
40905,0
40909,0
40915,0
40918,0
40927,0
40928,0
40932,0
40935,0
40936,0
40937,0
40939,0
40941,0
40946,0
40951,0
40955,0
40957,0
40959,0
40960,0
40966,0
40968,0
40969,0
40971,0
40976,0
40978,0
40979,0
40980,0
40981,0
40983,0
40986,0
40990,0
40993,0
40998,0
41001,0
41004,0
41005,0
41006,0
41010,0
41012,0
41013,0
41015,0
41016,0
41019,0
41021,0
41027,0
41028,0
41034,0
41038,0
41040,0
41043,0
41044,0
41048,0
41049,0
41056,0
41057,0
41058,0
41059,0
41061,0
41062,0
41065,0
41066,0
41073,0
41075,0
41078,0
41079,0
41083,0
41089,0
41091,0
41093,0
41099,0
41102,0
41104,0
41105,0
41108,0
41112,0
41115,0
41116,0
41117,0
41121,0
41123,0
41124,0
41126,0
41134,0
41136,0
41137,0
41142,0
41143,0
41144,0
41149,0
41155,0
41158,0
41161,0
41162,0
41165,0
41166,0
41168,0
41180,0
41181,0
41184,0
41189,0
41191,0
41199,0
41202,0
41204,0
41205,0
41209,0
41210,0
41211,0
41212,0
41213,0
41217,0
41220,0
41222,0
41226,0
41230,0
41231,0
41233,0
41237,0
41244,0
41246,0
41248,0
41249,0
41250,0
41252,0
41253,0
41256,0
41257,0
41262,0
41265,0
41266,0
41269,0
41271,0
41273,0
41280,0
41283,0
41287,0
41288,0
41289,0
41290,0
41293,0
41295,0
41298,0
41299,0
41300,0
41301,0
41304,0
41305,0
41306,0
41307,0
41309,0
41310,0
41313,0
41316,0
41317,0
41318,0
41320,0
41322,0
41325,0
41326,0
41327,0
41328,0
41331,0
41333,0
41335,0
41336,0
41339,0
41340,0
41343,0
41344,0
41345,0
41346,0
41349,0
41350,0
41352,0
41362,0
41364,0
41365,0
41366,0
41367,0
41368,0
41372,0
41375,0
41379,0
41380,0
41384,0
41385,0
41401,0
41409,0
41413,0
41415,0
41417,0
41418,0
41419,0
41420,0
41421,0
41427,0
41428,0
41430,0
41436,0
41437,0
41439,0
41440,0
41441,0
41442,0
41444,0
41448,0
41450,0
41452,0
41457,0
41458,0
41459,0
41463,0
41466,0
41467,0
41468,0
41477,0
41478,0
41479,0
41480,0
41481,0
41485,0
41487,0
41488,0
41490,0
41497,0
41501,0
41504,0
41505,0
41508,0
41509,0
41513,0
41514,0
41515,0
41516,0
41528,0
41534,0
41537,0
41539,0
41543,0
41547,0
41549,0
41553,0
41556,0
41560,0
41569,0
41570,0
41571,0
41573,0
41574,0
41575,0
41577,0
41579,0
41582,0
41585,0
41587,0
41588,0
41589,0
41591,0
41592,0
41595,0
41606,0
41607,0
41609,0
41612,0
41616,0
41617,0
41620,0
41622,0
41625,0
41626,0
41627,0
41628,0
41633,0
41638,0
41641,0
41642,0
41645,0
41652,0
41655,0
41658,0
41659,0
41660,0
41661,0
41664,0
41667,0
41670,0
41671,0
41672,0
41677,0
41679,0
41682,0
41683,0
41684,0
41690,0
41692,0
41693,0
41695,0
41700,0
41703,0
41709,0
41714,0
41717,0
41720,0
41722,0
41723,0
41727,0
41728,0
41729,0
41733,0
41736,0
41737,0
41743,0
41746,0
41749,0
41752,0
41753,0
41754,0
41756,0
41757,0
41758,0
41759,0
41764,0
41771,0
41773,0
41776,0
41777,0
41779,0
41789,0
41792,0
41793,0
41794,0
41795,0
41797,0
41800,0
41803,0
41806,0
41807,0
41809,0
41810,0
41811,0
41818,0
41819,0
41822,0
41824,0
41832,0
41835,0
41839,0
41844,0
41846,0
41849,0
41851,0
41852,0
41856,0
41857,0
41860,0
41862,0
41866,0
41869,0
41872,0
41873,0
41876,0
41884,0
41885,0
41887,0
41890,0
41894,0
41896,0
41898,0
41900,0
41903,0
41905,0
41908,0
41912,0
41913,0
41916,0
41919,0
41921,0
41923,0
41926,0
41928,0
41932,0
41933,0
41935,0
41936,0
41937,0
41940,0
41943,0
41948,0
41951,0
41952,0
41956,0
41957,0
41958,0
41959,0
41961,0
41962,0
41963,0
41966,0
41968,0
41969,0
41971,0
41976,0
41978,0
41979,0
41980,0
41981,0
41982,0
41984,0
41987,0
41988,0
41990,0
41991,0
42000,0
42001,0
42003,0
42005,0
42007,0
42010,0
42012,0
42014,0
42016,0
42019,0
42022,0
42027,0
42029,0
42039,0
42043,0
42044,0
42045,0
42047,0
42048,0
42051,0
42053,0
42055,0
42059,0
42063,0
42065,0
42066,0
42069,0
42074,0
42077,0
42080,0
42081,0
42083,0
42085,0
42086,0
42091,0
42092,0
42093,0
42098,0
42099,0
42101,0
42106,0
42107,0
42108,0
42111,0
42112,0
42114,0
42115,0
42117,0
42118,0
42120,0
42121,0
42123,0
42124,0
42132,0
42133,0
42139,0
42141,0
42143,0
42146,0
42152,0
42154,0
42155,0
42162,0
42163,0
42167,0
42171,0
42174,0
42178,0
42180,0
42181,0
42183,0
42185,0
42189,0
42193,0
42195,0
42198,0
42200,0
42201,0
42202,0
42203,0
42206,0
42208,0
42209,0
42210,0
42211,0
42215,0
42217,0
42220,0
42228,0
42230,0
42235,0
42238,0
42240,0
42242,0
42244,0
42248,0
42250,0
42252,0
42253,0
42255,0
42258,0
42262,0
42266,0
42270,0
42275,0
42286,0
42287,0
42289,0
42293,0
42294,0
42298,0
42299,0
42300,0
42308,0
42310,0
42312,0
42313,0
42314,0
42316,0
42318,0
42321,0
42326,0
42329,0
42330,0
42343,0
42344,0
42345,0
42347,0
42348,0
42352,0
42354,0
42356,0
42358,0
42362,0
42366,0
42368,0
42371,0
42376,0
42377,0
42379,0
42380,0
42381,0
42383,0
42386,0
42388,0
42390,0
42391,0
42394,0
42395,0
42404,0
42405,0
42407,0
42413,0
42414,0
42416,0
42419,0
42421,0
42423,0
42425,0
42426,0
42430,0
42431,0
42433,0
42437,0
42439,0
42448,0
42450,0
42452,0
42453,0
42454,0
42462,0
42463,0
42464,0
42471,0
42477,0
42480,0
42481,0
42486,0
42487,0
42491,0
42493,0
42495,0
42496,0
42497,0
42498,0
42499,0
42502,0
42507,0
42508,0
42509,0
42510,0
42511,0
42513,0
42515,0
42524,0
42528,0
42532,0
42533,0
42534,0
42536,0
42538,0
42539,0
42540,0
42544,0
42545,0
42547,0
42549,0
42557,0
42564,0
42565,0
42567,0
42569,0
42571,0
42572,0
42576,0
42580,0
42582,0
42583,0
42585,0
42586,0
42590,0
42593,0
42594,0
42596,0
42597,0
42601,0
42602,0
42603,0
42605,0
42608,0
42611,0
42615,0
42616,0
42617,0
42621,0
42624,0
42628,0
42629,0
42632,0
42633,0
42635,0
42636,0
42639,0
42642,0
42649,0
42650,0
42651,0
42659,0
42660,0
42661,0
42662,0
42663,0
42666,0
42669,0
42670,0
42671,0
42674,0
42675,0
42679,0
42681,0
42683,0
42684,0
42686,0
42688,0
42690,0
42693,0
42697,0
42698,0
42703,0
42708,0
42709,0
42710,0
42711,0
42713,0
42714,0
42716,0
42717,0
42720,0
42724,0
42728,0
42731,0
42740,0
42744,0
42745,0
42748,0
42750,0
42751,0
42753,0
42754,0
42758,0
42761,0
42764,0
42765,0
42767,0
42769,0
42770,0
42771,0
42772,0
42773,0
42777,0
42778,0
42782,0
42785,0
42787,0
42788,0
42790,0
42791,0
42792,0
42793,0
42794,0
42795,0
42796,0
42799,0
42800,0
42810,0
42813,0
42815,0
42816,0
42819,0
42820,0
42821,0
42822,0
42824,0
42828,0
42830,0
42833,0
42834,0
42836,0
42837,0
42841,0
42843,0
42847,0
42848,0
42852,0
42853,0
42854,0
42856,0
42857,0
42859,0
42863,0
42864,0
42869,0
42870,0
42876,0
42878,0
42885,0
42893,0
42895,0
42899,0
42900,0
42901,0
42902,0
42908,0
42911,0
42913,0
42914,0
42915,0
42918,0
42922,0
42924,0
42925,0
42926,0
42928,0
42929,0
42930,0
42933,0
42935,0
42936,0
42938,0
42940,0
42941,0
42942,0
42945,0
42947,0
42948,0
42949,0
42954,0
42955,0
42956,0
42957,0
42958,0
42961,0
42962,0
42963,0
42964,0
42967,0
42968,0
42969,0
42971,0
42973,0
42976,0
42981,0
42985,0
42990,0
42992,0
42996,0
42997,0
42998,0
42999,0
43000,0
43002,0
43005,0
43006,0
43007,0
43009,0
43010,0
43013,0
43014,0
43015,0
43016,0
43017,0
43020,0
43021,0
43026,0
43027,0
43033,0
43034,0
43035,0
43036,0
43040,0
43042,0
43043,0
43045,0
43050,0
43052,0
43056,0
43057,0
43058,0
43066,0
43071,0
43073,0
43076,0
43080,0
43086,0
43088,0
43089,0
43091,0
43098,0
43099,0
43100,0
43104,0
43109,0
43110,0
43111,0
43113,0
43116,0
43117,0
43119,0
43123,0
43126,0
43129,0
43130,0
43133,0
43135,0
43138,0
43141,0
43145,0
43146,0
43147,0
43149,0
43152,0
43154,0
43155,0
43156,0
43157,0
43158,0
43160,0
43163,0
43164,0
43165,0
43167,0
43168,0
43170,0
43174,0
43177,0
43180,0
43183,0
43184,0
43189,0
43194,0
43196,0
43203,0
43206,0
43210,0
43211,0
43213,0
43219,0
43225,0
43229,0
43231,0
43235,0
43237,0
43238,0
43241,0
43244,0
43245,0
43248,0
43249,0
43250,0
43253,0
43255,0
43259,0
43261,0
43263,0
43264,0
43265,0
43266,0
43267,0
43272,0
43275,0
43278,0
43279,0
43283,0
43286,0
43289,0
43290,0
43292,0
43293,0
43294,0
43295,0
43298,0
43299,0
43300,0
43301,0
43307,0
43310,0
43312,0
43314,0
43317,0
43319,0
43323,0
43324,0
43326,0
43333,0
43339,0
43347,0
43348,0
43349,0
43351,0
43352,0
43358,0
43362,0
43365,0
43366,0
43367,0
43369,0
43370,0
43376,0
43377,0
43378,0
43388,0
43389,0
43390,0
43402,0
43403,0
43404,0
43405,0
43406,0
43407,0
43408,0
43413,0
43416,0
43419,0
43424,0
43425,0
43428,0
43432,0
43433,0
43436,0
43439,0
43440,0
43441,0
43445,0
43448,0
43450,0
43462,0
43463,0
43467,0
43472,0
43473,0
43475,0
43476,0
43479,0
43480,0
43481,0
43484,0
43487,0
43492,0
43493,0
43494,0
43495,0
43500,0
43501,0
43504,0
43507,0
43512,0
43515,0
43518,0
43519,0
43521,0
43523,0
43527,0
43529,0
43531,0
43532,0
43534,0
43539,0
43541,0
43544,0
43545,0
43546,0
43549,0
43554,0
43555,0
43556,0
43557,0
43559,0
43561,0
43563,0
43565,0
43566,0
43567,0
43568,0
43571,0
43572,0
43573,0
43576,0
43577,0
43585,0
43588,0
43589,0
43591,0
43594,0
43596,0
43597,0
43598,0
43599,0
43605,0
43606,0
43607,0
43608,0
43609,0
43612,0
43613,0
43617,0
43618,0
43621,0
43623,0
43627,0
43628,0
43629,0
43630,0
43632,0
43635,0
43636,0
43637,0
43644,0
43645,0
43646,0
43648,0
43649,0
43654,0
43655,0
43662,0
43666,0
43669,0
43671,0
43673,0
43676,0
43677,0
43679,0
43682,0
43683,0
43684,0
43692,0
43693,0
43697,0
43704,0
43708,0
43714,0
43715,0
43718,0
43719,0
43721,0
43725,0
43728,0
43729,0
43732,0
43735,0
43737,0
43745,0
43748,0
43750,0
43752,0
43753,0
43754,0
43757,0
43759,0
43760,0
43761,0
43763,0
43764,0
43769,0
43772,0
43776,0
43783,0
43786,0
43787,0
43794,0
43796,0
43799,0
43801,0
43802,0
43806,0
43807,0
43813,0
43815,0
43818,0
43822,0
43828,0
43831,0
43839,0
43842,0
43843,0
43844,0
43846,0
43847,0
43850,0
43851,0
43854,0
43855,0
43860,0
43862,0
43863,0
43864,0
43868,0
43870,0
43872,0
43875,0
43879,0
43880,0
43883,0
43887,0
43888,0
43889,0
43893,0
43896,0
43897,0
43901,0
43902,0
43903,0
43905,0
43908,0
43909,0
43910,0
43911,0
43912,0
43915,0
43916,0
43920,0
43923,0
43925,0
43929,0
43931,0
43935,0
43936,0
43938,0
43940,0
43941,0
43944,0
43946,0
43947,0
43948,0
43949,0
43952,0
43953,0
43958,0
43963,0
43965,0
43968,0
43969,0
43971,0
43977,0
43992,0
43999,0
44000,0
44003,0
44004,0
44005,0
44006,0
44007,0
44008,0
44014,0
44017,0
44018,0
44019,0
44025,0
44029,0
44030,0
44034,0
44036,0
44043,0
44046,0
44048,0
44052,0
44059,0
44061,0
44062,0
44064,0
44065,0
44066,0
44067,0
44070,0
44072,0
44075,0
44080,0
44081,0
44083,0
44087,0
44088,0
44090,0
44093,0
44095,0
44097,0
44098,0
44108,0
44109,0
44112,0
44115,0
44118,0
44119,0
44120,0
44121,0
44122,0
44125,0
44126,0
44129,0
44134,0
44136,0
44138,0
44140,0
44142,0
44147,0
44157,0
44159,0
44162,0
44163,0
44164,0
44165,0
44169,0
44170,0
44173,0
44175,0
44181,0
44184,0
44185,0
44190,0
44191,0
44194,0
44195,0
44200,0
44201,0
44202,0
44208,0
44210,0
44211,0
44212,0
44214,0
44215,0
44218,0
44223,0
44224,0
44226,0
44231,0
44232,0
44233,0
44234,0
44236,0
44237,0
44242,0
44245,0
44249,0
44253,0
44259,0
44260,0
44261,0
44262,0
44263,0
44266,0
44267,0
44269,0
44273,0
44277,0
44279,0
44282,0
44283,0
44287,0
44288,0
44291,0
44299,0
44300,0
44303,0
44304,0
44306,0
44307,0
44310,0
44311,0
44312,0
44313,0
44314,0
44317,0
44318,0
44320,0
44322,0
44323,0
44324,0
44329,0
44330,0
44331,0
44332,0
44334,0
44338,0
44343,0
44345,0
44352,0
44354,0
44356,0
44357,0
44359,0
44360,0
44361,0
44366,0
44367,0
44372,0
44373,0
44374,0
44378,0
44383,0
44386,0
44387,0
44395,0
44396,0
44397,0
44400,0
44403,0
44407,0
44409,0
44410,0
44414,0
44425,0
44426,0
44427,0
44431,0
44437,0
44440,0
44441,0
44442,0
44443,0
44447,0
44453,0
44456,0
44459,0
44460,0
44464,0
44467,0
44472,0
44477,0
44478,0
44484,0
44487,0
44498,0
44499,0
44501,0
44502,0
44506,0
44507,0
44510,0
44514,0
44515,0
44517,0
44519,0
44526,0
44533,0
44535,0
44540,0
44545,0
44546,0
44549,0
44551,0
44553,0
44561,0
44563,0
44564,0
44566,0
44567,0
44568,0
44569,0
44570,0
44574,0
44575,0
44579,0
44580,0
44588,0
44589,0
44590,0
44591,0
44595,0
44596,0
44597,0
44599,0
44602,0
44603,0
44605,0
44606,0
44608,0
44609,0
44610,0
44617,0
44627,0
44633,0
44634,0
44636,0
44637,0
44639,0
44640,0
44641,0
44642,0
44645,0
44647,0
44651,0
44652,0
44658,0
44659,0
44660,0
44661,0
44662,0
44663,0
44664,0
44665,0
44666,0
44670,0
44672,0
44673,0
44676,0
44678,0
44680,0
44689,0
44691,0
44694,0
44695,0
44699,0
44703,0
44705,0
44706,0
44707,0
44708,0
44712,0
44714,0
44717,0
44719,0
44720,0
44722,0
44729,0
44730,0
44733,0
44736,0
44740,0
44745,0
44746,0
44747,0
44748,0
44754,0
44755,0
44756,0
44761,0
44762,0
44764,0
44766,0
44768,0
44770,0
44774,0
44776,0
44777,0
44778,0
44780,0
44781,0
44782,0
44788,0
44790,0
44791,0
44794,0
44795,0
44797,0
44798,0
44800,0
44801,0
44802,0
44805,0
44806,0
44809,0
44811,0
44812,0
44813,0
44816,0
44819,0
44822,0
44824,0
44825,0
44827,0
44829,0
44830,0
44832,0
44836,0
44846,0
44849,0
44850,0
44855,0
44859,0
44860,0
44865,0
44867,0
44871,0
44876,0
44878,0
44880,0
44882,0
44884,0
44885,0
44886,0
44887,0
44890,0
44891,0
44892,0
44894,0
44898,0
44901,0
44904,0
44908,0
44910,0
44911,0
44914,0
44916,0
44917,0
44919,0
44922,0
44925,0
44928,0
44932,0
44938,0
44939,0
44940,0
44942,0
44949,0
44950,0
44952,0
44958,0
44960,0
44962,0
44963,0
44966,0
44968,0
44970,0
44971,0
44978,0
44981,0
44982,0
44986,0
44988,0
44989,0
44990,0
44994,0
44996,0
44997,0
44998,0
45003,0
45004,0
45005,0
45007,0
45010,0
45011,0
45012,0
45016,0
45017,0
45021,0
45022,0
45023,0
45030,0
45031,0
45032,0
45037,0
45045,0
45051,0
45056,0
45069,0
45073,0
45074,0
45082,0
45087,0
45092,0
45098,0
45106,0
45110,0
45114,0
45115,0
45118,0
45119,0
45121,0
45122,0
45123,0
45125,0
45126,0
45131,0
45132,0
45133,0
45134,0
45140,0
45142,0
45144,0
45145,0
45146,0
45149,0
45151,0
45153,0
45154,0
45157,0
45159,0
45169,0
45170,0
45171,0
45172,0
45175,0
45180,0
45184,0
45186,0
45191,0
45192,0
45193,0
45194,0
45196,0
45197,0
45198,0
45200,0
45204,0
45206,0
45207,0
45209,0
45210,0
45213,0
45215,0
45220,0
45222,0
45226,0
45227,0
45229,0
45230,0
45232,0
45234,0
45235,0
45236,0
45238,0
45239,0
45241,0
45243,0
45245,0
45248,0
45250,0
45255,0
45263,0
45265,0
45266,0
45269,0
45272,0
45276,0
45277,0
45278,0
45280,0
45282,0
45283,0
45284,0
45287,0
45289,0
45290,0
45291,0
45292,0
45299,0
45303,0
45306,0
45309,0
45311,0
45314,0
45316,0
45320,0
45324,0
45325,0
45333,0
45335,0
45336,0
45338,0
45339,0
45344,0
45346,0
45347,0
45355,0
45362,0
45364,0
45366,0
45370,0
45372,0
45375,0
45377,0
45379,0
45380,0
45382,0
45383,0
45386,0
45387,0
45389,0
45390,0
45394,0
45395,0
45396,0
45399,0
45401,0
45408,0
45409,0
45411,0
45417,0
45420,0
45422,0
45423,0
45424,0
45430,0
45433,0
45435,0
45437,0
45439,0
45440,0
45443,0
45451,0
45453,0
45454,0
45456,0
45459,0
45461,0
45467,0
45468,0
45469,0
45471,0
45472,0
45474,0
45477,0
45478,0
45480,0
45481,0
45484,0
45486,0
45488,0
45491,0
45494,0
45495,0
45497,0
45509,0
45511,0
45514,0
45515,0
45516,0
45517,0
45520,0
45524,0
45525,0
45527,0
45529,0
45531,0
45533,0
45534,0
45544,0
45545,0
45546,0
45549,0
45552,0
45553,0
45563,0
45569,0
45572,0
45575,0
45576,0
45582,0
45584,0
45585,0
45586,0
45588,0
45592,0
45594,0
45596,0
45598,0
45602,0
45605,0
45606,0
45607,0
45609,0
45611,0
45614,0
45615,0
45616,0
45618,0
45620,0
45621,0
45622,0
45624,0
45626,0
45627,0
45629,0
45633,0
45634,0
45635,0
45637,0
45639,0
45644,0
45645,0
45648,0
45650,0
45655,0
45658,0
45661,0
45665,0
45670,0
45671,0
45672,0
45675,0
45684,0
45688,0
45689,0
45690,0
45694,0
45695,0
45698,0
45704,0
45706,0
45707,0
45708,0
45710,0
45711,0
45713,0
45714,0
45717,0
45721,0
45725,0
45728,0
45730,0
45731,0
45734,0
45735,0
45742,0
45743,0
45748,0
45749,0
45752,0
45754,0
45756,0
45757,0
45758,0
45762,0
45765,0
45766,0
45767,0
45769,0
45770,0
45775,0
45777,0
45779,0
45780,0
45782,0
45785,0
45786,0
45792,0
45796,0
45806,0
45808,0
45810,0
45811,0
45813,0
45814,0
45815,0
45816,0
45819,0
45824,0
45828,0
45832,0
45838,0
45840,0
45841,0
45843,0
45844,0
45848,0
45851,0
45854,0
45862,0
45867,0
45869,0
45871,0
45874,0
45878,0
45880,0
45881,0
45884,0
45885,0
45887,0
45890,0
45891,0
45895,0
45899,0
45900,0
45901,0
45905,0
45907,0
45911,0
45912,0
45913,0
45914,0
45917,0
45922,0
45923,0
45925,0
45927,0
45932,0
45935,0
45937,0
45943,0
45944,0
45948,0
45950,0
45952,0
45958,0
45960,0
45965,0
45973,0
45974,0
45977,0
45980,0
45981,0
45982,0
45989,0
46001,0
46005,0
46006,0
46008,0
46009,0
46011,0
46014,0
46017,0
46022,0
46023,0
46025,0
46029,0
46030,0
46031,0
46032,0
46034,0
46039,0
46041,0
46042,0
46046,0
46049,0
46051,0
46057,0
46059,0
46064,0
46066,0
46067,0
46072,0
46074,0
46075,0
46080,0
46081,0
46086,0
46088,0
46092,0
46093,0
46094,0
46097,0
46100,0
46101,0
46103,0
46106,0
46107,0
46112,0
46115,0
46118,0
46119,0
46121,0
46130,0
46133,0
46135,0
46136,0
46137,0
46139,0
46140,0
46144,0
46146,0
46149,0
46150,0
46152,0
46154,0
46157,0
46159,0
46161,0
46170,0
46171,0
46173,0
46175,0
46181,0
46182,0
46184,0
46186,0
46193,0
46196,0
46197,0
46200,0
46206,0
46212,0
46216,0
46223,0
46226,0
46227,0
46228,0
46230,0
46232,0
46238,0
46243,0
46244,0
46247,0
46252,0
46262,0
46264,0
46268,0
46271,0
46273,0
46275,0
46277,0
46278,0
46281,0
46283,0
46285,0
46286,0
46289,0
46297,0
46298,0
46299,0
46300,0
46301,0
46304,0
46309,0
46310,0
46313,0
46314,0
46321,0
46324,0
46326,0
46332,0
46333,0
46336,0
46337,0
46343,0
46345,0
46346,0
46348,0
46349,0
46357,0
46359,0
46360,0
46363,0
46364,0
46365,0
46366,0
46367,0
46368,0
46370,0
46371,0
46378,0
46379,0
46380,0
46383,0
46384,0
46385,0
46388,0
46389,0
46391,0
46394,0
46397,0
46400,0
46401,0
46404,0
46406,0
46407,0
46418,0
46420,0
46424,0
46425,0
46426,0
46427,0
46428,0
46432,0
46433,0
46434,0
46435,0
46436,0
46437,0
46441,0
46443,0
46444,0
46447,0
46451,0
46455,0
46456,0
46457,0
46459,0
46461,0
46463,0
46467,0
46469,0
46470,0
46472,0
46473,0
46474,0
46475,0
46479,0
46480,0
46482,0
46484,0
46485,0
46487,0
46488,0
46489,0
46490,0
46492,0
46497,0
46498,0
46499,0
46504,0
46505,0
46508,0
46509,0
46510,0
46514,0
46518,0
46521,0
46523,0
46526,0
46529,0
46531,0
46532,0
46533,0
46534,0
46535,0
46536,0
46546,0
46547,0
46548,0
46551,0
46552,0
46553,0
46554,0
46557,0
46559,0
46560,0
46561,0
46565,0
46566,0
46570,0
46571,0
46574,0
46575,0
46576,0
46582,0
46585,0
46586,0
46587,0
46593,0
46601,0
46603,0
46605,0
46608,0
46609,0
46612,0
46618,0
46620,0
46624,0
46626,0
46628,0
46631,0
46632,0
46633,0
46636,0
46637,0
46641,0
46645,0
46647,0
46649,0
46652,0
46653,0
46657,0
46664,0
46669,0
46670,0
46671,0
46672,0
46673,0
46675,0
46678,0
46690,0
46695,0
46696,0
46698,0
46704,0
46706,0
46714,0
46716,0
46717,0
46718,0
46720,0
46721,0
46725,0
46726,0
46730,0
46733,0
46734,0
46736,0
46737,0
46745,0
46747,0
46750,0
46751,0
46752,0
46758,0
46762,0
46763,0
46766,0
46767,0
46768,0
46772,0
46773,0
46775,0
46780,0
46781,0
46782,0
46783,0
46786,0
46787,0
46788,0
46792,0
46794,0
46799,0
46810,0
46811,0
46812,0
46816,0
46820,0
46822,0
46825,0
46830,0
46838,0
46840,0
46844,0
46846,0
46848,0
46851,0
46856,0
46859,0
46861,0
46864,0
46865,0
46867,0
46873,0
46875,0
46879,0
46880,0
46883,0
46884,0
46886,0
46889,0
46890,0
46893,0
46895,0
46896,0
46899,0
46902,0
46908,0
46912,0
46915,0
46919,0
46923,0
46924,0
46929,0
46930,0
46931,0
46934,0
46941,0
46943,0
46946,0
46947,0
46948,0
46949,0
46950,0
46952,0
46955,0
46957,0
46958,0
46961,0
46972,0
46974,0
46980,0
46982,0
46984,0
46985,0
46986,0
46987,0
46989,0
46992,0
46995,0
46998,0
46999,0
47000,0
47002,0
47003,0
47007,0
47008,0
47009,0
47011,0
47014,0
47019,0
47021,0
47022,0
47025,0
47032,0
47033,0
47035,0
47037,0
47039,0
47040,0
47044,0
47045,0
47047,0
47051,0
47056,0
47063,0
47064,0
47069,0
47070,0
47073,0
47074,0
47080,0
47081,0
47083,0
47087,0
47088,0
47093,0
47097,0
47098,0
47104,0
47105,0
47107,0
47108,0
47109,0
47111,0
47116,0
47117,0
47119,0
47120,0
47121,0
47122,0
47123,0
47124,0
47125,0
47127,0
47128,0
47129,0
47132,0
47133,0
47135,0
47137,0
47138,0
47140,0
47144,0
47145,0
47150,0
47151,0
47156,0
47158,0
47160,0
47165,0
47166,0
47169,0
47170,0
47174,0
47175,0
47176,0
47179,0
47180,0
47182,0
47185,0
47191,0
47193,0
47194,0
47195,0
47196,0
47199,0
47200,0
47201,0
47202,0
47203,0
47204,0
47207,0
47209,0
47213,0
47214,0
47224,0
47225,0
47226,0
47227,0
47231,0
47233,0
47234,0
47235,0
47236,0
47244,0
47246,0
47247,0
47248,0
47250,0
47253,0
47257,0
47258,0
47263,0
47265,0
47266,0
47267,0
47269,0
47271,0
47274,0
47275,0
47289,0
47291,0
47294,0
47296,0
47297,0
47298,0
47299,0
47300,0
47301,0
47304,0
47305,0
47306,0
47309,0
47312,0
47318,0
47322,0
47323,0
47324,0
47327,0
47331,0
47332,0
47333,0
47335,0
47337,0
47340,0
47341,0
47346,0
47349,0
47353,0
47355,0
47363,0
47372,0
47373,0
47374,0
47376,0
47380,0
47389,0
47393,0
47394,0
47397,0
47399,0
47401,0
47409,0
47413,0
47414,0
47415,0
47419,0
47421,0
47422,0
47423,0
47427,0
47430,0
47431,0
47432,0
47441,0
47442,0
47445,0
47447,0
47455,0
47456,0
47461,0
47462,0
47465,0
47468,0
47469,0
47473,0
47474,0
47478,0
47479,0
47482,0
47484,0
47488,0
47489,0
47491,0
47495,0
47497,0
47498,0
47502,0
47506,0
47508,0
47509,0
47511,0
47513,0
47514,0
47516,0
47523,0
47524,0
47527,0
47529,0
47530,0
47533,0
47535,0
47540,0
47542,0
47545,0
47551,0
47553,0
47555,0
47556,0
47557,0
47560,0
47562,0
47564,0
47566,0
47570,0
47573,0
47574,0
47577,0
47578,0
47579,0
47582,0
47584,0
47585,0
47589,0
47590,0
47592,0
47596,0
47597,0
47599,0
47604,0
47605,0
47608,0
47609,0
47619,0
47620,0
47621,0
47623,0
47625,0
47627,0
47628,0
47629,0
47630,0
47635,0
47636,0
47639,0
47640,0
47643,0
47644,0
47647,0
47653,0
47654,0
47655,0
47658,0
47660,0
47661,0
47666,0
47670,0
47673,0
47675,0
47681,0
47687,0
47689,0
47690,0
47691,0
47692,0
47695,0
47696,0
47698,0
47699,0
47701,0
47702,0
47703,0
47704,0
47706,0
47708,0
47714,0
47720,0
47724,0
47725,0
47726,0
47727,0
47732,0
47734,0
47739,0
47744,0
47745,0
47749,0
47750,0
47754,0
47755,0
47756,0
47760,0
47766,0
47770,0
47772,0
47773,0
47781,0
47782,0
47789,0
47791,0
47792,0
47796,0
47800,0
47802,0
47804,0
47805,0
47806,0
47813,0
47814,0
47815,0
47817,0
47819,0
47821,0
47825,0
47826,0
47836,0
47840,0
47842,0
47844,0
47849,0
47851,0
47853,0
47862,0
47870,0
47875,0
47878,0
47882,0
47884,0
47885,0
47886,0
47891,0
47892,0
47893,0
47898,0
47899,0
47903,0
47906,0
47907,0
47910,0
47911,0
47912,0
47913,0
47915,0
47919,0
47920,0
47921,0
47923,0
47924,0
47925,0
47927,0
47931,0
47935,0
47936,0
47937,0
47948,0
47950,0
47951,0
47955,0
47956,0
47957,0
47958,0
47959,0
47965,0
47966,0
47970,0
47973,0
47974,0
47975,0
47976,0
47985,0
47986,0
47994,0
48000,0
48011,0
48013,0
48019,0
48022,0
48024,0
48025,0
48026,0
48027,0
48028,0
48030,0
48035,0
48037,0
48038,0
48040,0
48045,0
48046,0
48047,0
48049,0
48050,0
48051,0
48055,0
48058,0
48060,0
48064,0
48066,0
48068,0
48071,0
48078,0
48079,0
48080,0
48081,0
48082,0
48084,0
48092,0
48093,0
48097,0
48099,0
48103,0
48105,0
48106,0
48107,0
48115,0
48116,0
48118,0
48121,0
48124,0
48126,0
48127,0
48129,0
48135,0
48136,0
48137,0
48138,0
48144,0
48145,0
48153,0
48159,0
48161,0
48162,0
48164,0
48165,0
48166,0
48169,0
48170,0
48171,0
48172,0
48178,0
48180,0
48182,0
48190,0
48193,0
48194,0
48198,0
48201,0
48204,0
48209,0
48211,0
48212,0
48214,0
48217,0
48218,0
48221,0
48222,0
48223,0
48228,0
48230,0
48231,0
48233,0
48234,0
48239,0
48241,0
48242,0
48244,0
48246,0
48247,0
48251,0
48252,0
48254,0
48255,0
48256,0
48258,0
48261,0
48271,0
48274,0
48280,0
48281,0
48283,0
48286,0
48289,0
48290,0
48292,0
48296,0
48297,0
48299,0
48301,0
48302,0
48305,0
48307,0
48309,0
48312,0
48315,0
48316,0
48317,0
48318,0
48320,0
48322,0
48327,0
48330,0
48331,0
48336,0
48337,0
48338,0
48339,0
48341,0
48342,0
48343,0
48346,0
48348,0
48355,0
48357,0
48360,0
48361,0
48362,0
48363,0
48364,0
48367,0
48368,0
48369,0
48370,0
48371,0
48378,0
48380,0
48381,0
48383,0
48384,0
48386,0
48387,0
48388,0
48390,0
48391,0
48392,0
48395,0
48397,0
48399,0
48401,0
48402,0
48406,0
48411,0
48415,0
48416,0
48417,0
48418,0
48420,0
48421,0
48423,0
48430,0
48432,0
48434,0
48435,0
48438,0
48439,0
48443,0
48444,0
48446,0
48449,0
48453,0
48460,0
48464,0
48466,0
48467,0
48471,0
48472,0
48473,0
48478,0
48479,0
48483,0
48487,0
48488,0
48490,0
48495,0
48496,0
48497,0
48500,0
48502,0
48503,0
48508,0
48509,0
48514,0
48515,0
48516,0
48517,0
48523,0
48524,0
48529,0
48535,0
48537,0
48541,0
48542,0
48544,0
48547,0
48548,0
48549,0
48550,0
48551,0
48552,0
48554,0
48557,0
48558,0
48561,0
48562,0
48566,0
48567,0
48570,0
48572,0
48573,0
48575,0
48576,0
48585,0
48588,0
48590,0
48592,0
48593,0
48598,0
48600,0
48601,0
48603,0
48604,0
48606,0
48607,0
48612,0
48615,0
48616,0
48617,0
48619,0
48622,0
48624,0
48627,0
48630,0
48631,0
48633,0
48634,0
48635,0
48636,0
48637,0
48638,0
48640,0
48641,0
48642,0
48649,0
48653,0
48655,0
48658,0
48659,0
48660,0
48661,0
48667,0
48675,0
48678,0
48680,0
48681,0
48682,0
48686,0
48688,0
48690,0
48691,0
48693,0
48694,0
48695,0
48696,0
48699,0
48704,0
48706,0
48707,0
48708,0
48709,0
48711,0
48719,0
48729,0
48730,0
48732,0
48737,0
48745,0
48747,0
48756,0
48758,0
48762,0
48763,0
48764,0
48765,0
48772,0
48775,0
48776,0
48778,0
48780,0
48781,0
48782,0
48784,0
48786,0
48787,0
48788,0
48790,0
48798,0
48800,0
48803,0
48804,0
48811,0
48815,0
48816,0
48822,0
48823,0
48832,0
48833,0
48836,0
48837,0
48838,0
48842,0
48843,0
48845,0
48846,0
48848,0
48851,0
48852,0
48853,0
48854,0
48860,0
48862,0
48863,0
48864,0
48876,0
48877,0
48879,0
48880,0
48883,0
48889,0
48891,0
48895,0
48897,0
48899,0
48902,0
48903,0
48905,0
48906,0
48909,0
48912,0
48915,0
48918,0
48920,0
48922,0
48924,0
48927,0
48929,0
48931,0
48932,0
48935,0
48937,0
48942,0
48943,0
48946,0
48947,0
48949,0
48951,0
48953,0
48954,0
48955,0
48960,0
48961,0
48964,0
48965,0
48971,0
48972,0
48975,0
48976,0
48979,0
48980,0
48981,0
48983,0
48984,0
48987,0
48990,0
48991,0
48993,0
48995,0
48996,0
49000,0
49002,0
49006,0
49010,0
49015,0
49016,0
49018,0
49022,0
49023,0
49024,0
49027,0
49028,0
49036,0
49037,0
49038,0
49039,0
49040,0
49042,0
49050,0
49055,0
49058,0
49059,0
49063,0
49064,0
49070,0
49072,0
49074,0
49075,0
49078,0
49080,0
49082,0
49083,0
49086,0
49087,0
49088,0
49090,0
49091,0
49097,0
49099,0
49100,0
49102,0
49103,0
49104,0
49107,0
49109,0
49110,0
49111,0
49115,0
49117,0
49120,0
49126,0
49127,0
49130,0
49131,0
49135,0
49137,0
49140,0
49142,0
49145,0
49146,0
49147,0
49148,0
49150,0
49154,0
49158,0
49165,0
49168,0
49169,0
49170,0
49177,0
49178,0
49181,0
49183,0
49184,0
49197,0
49200,0
49202,0
49204,0
49210,0
49216,0
49219,0
49221,0
49222,0
49225,0
49227,0
49228,0
49229,0
49230,0
49231,0
49233,0
49237,0
49240,0
49244,0
49245,0
49247,0
49254,0
49259,0
49263,0
49264,0
49265,0
49268,0
49271,0
49275,0
49277,0
49281,0
49282,0
49286,0
49288,0
49290,0
49294,0
49295,0
49296,0
49299,0
49305,0
49306,0
49307,0
49309,0
49311,0
49315,0
49317,0
49318,0
49320,0
49321,0
49326,0
49327,0
49329,0
49330,0
49331,0
49332,0
49333,0
49334,0
49335,0
49338,0
49341,0
49343,0
49347,0
49348,0
49350,0
49351,0
49354,0
49356,0
49359,0
49366,0
49368,0
49370,0
49371,0
49372,0
49373,0
49376,0
49379,0
49381,0
49384,0
49386,0
49392,0
49393,0
49394,0
49397,0
49399,0
49401,0
49402,0
49403,0
49405,0
49407,0
49408,0
49410,0
49411,0
49414,0
49417,0
49419,0
49421,0
49424,0
49426,0
49427,0
49429,0
49430,0
49433,0
49439,0
49440,0
49442,0
49443,0
49446,0
49450,0
49451,0
49452,0
49453,0
49455,0
49459,0
49462,0
49464,0
49465,0
49466,0
49468,0
49471,0
49472,0
49473,0
49475,0
49478,0
49480,0
49482,0
49484,0
49485,0
49486,0
49488,0
49489,0
49491,0
49493,0
49494,0
49495,0
49499,0
49503,0
49512,0
49514,0
49518,0
49519,0
49520,0
49522,0
49523,0
49525,0
49526,0
49527,0
49528,0
49529,0
49532,0
49534,0
49535,0
49536,0
49538,0
49539,0
49547,0
49548,0
49550,0
49551,0
49552,0
49556,0
49557,0
49558,0
49559,0
49560,0
49561,0
49562,0
49566,0
49567,0
49569,0
49570,0
49572,0
49573,0
49576,0
49577,0
49580,0
49581,0
49582,0
49583,0
49585,0
49587,0
49592,0
49595,0
49596,0
49598,0
49600,0
49601,0
49604,0
49610,0
49613,0
49616,0
49620,0
49621,0
49622,0
49624,0
49628,0
49631,0
49638,0
49639,0
49642,0
49648,0
49651,0
49652,0
49658,0
49660,0
49661,0
49663,0
49666,0
49667,0
49668,0
49674,0
49675,0
49677,0
49679,0
49680,0
49681,0
49686,0
49688,0
49694,0
49695,0
49696,0
49698,0
49700,0
49705,0
49708,0
49710,0
49712,0
49715,0
49716,0
49720,0
49723,0
49725,0
49727,0
49729,0
49731,0
49733,0
49736,0
49740,0
49741,0
49744,0
49746,0
49747,0
49750,0
49752,0
49756,0
49760,0
49764,0
49769,0
49771,0
49775,0
49779,0
49784,0
49792,0
49794,0
49799,0
49801,0
49802,0
49803,0
49806,0
49808,0
49811,0
49812,0
49817,0
49819,0
49820,0
49824,0
49828,0
49830,0
49836,0
49840,0
49842,0
49843,0
49844,0
49846,0
49850,0
49852,0
49854,0
49858,0
49862,0
49865,0
49871,0
49872,0
49873,0
49874,0
49877,0
49879,0
49880,0
49881,0
49882,0
49884,0
49888,0
49891,0
49893,0
49901,0
49902,0
49903,0
49907,0
49912,0
49913,0
49915,0
49917,0
49918,0
49923,0
49924,0
49925,0
49926,0
49928,0
49929,0
49930,0
49932,0
49933,0
49934,0
49935,0
49937,0
49939,0
49941,0
49944,0
49946,0
49955,0
49960,0
49962,0
49963,0
49964,0
49966,0
49971,0
49976,0
49979,0
49982,0
49983,0
49986,0
49989,0
49991,0
49994,0
49996,0
49997,0
49998,0
50000,0
50001,0
50002,0
50005,0
50009,0
50015,0
50017,0
50018,0
50019,0
50020,0
50021,0
50023,0
50024,0
50025,0
50027,0
50034,0
50037,0
50038,0
50042,0
50044,0
50046,0
50049,0
50056,0
50062,0
50063,0
50071,0
50074,0
50077,0
50079,0
50081,0
50082,0
50084,0
50085,0
50088,0
50090,0
50092,0
50097,0
50106,0
50108,0
50109,0
50112,0
50114,0
50115,0
50124,0
50125,0
50127,0
50133,0
50138,0
50139,0
50142,0
50143,0
50144,0
50146,0
50147,0
50148,0
50149,0
50151,0
50152,0
50155,0
50156,0
50160,0
50161,0
50162,0
50165,0
50166,0
50167,0
50169,0
50170,0
50173,0
50175,0
50176,0
50177,0
50190,0
50191,0
50192,0
50193,0
50195,0
50196,0
50197,0
50200,0
50201,0
50202,0
50203,0
50204,0
50205,0
50209,0
50211,0
50213,0
50219,0
50222,0
50223,0
50224,0
50226,0
50227,0
50230,0
50234,0
50239,0
50241,0
50245,0
50246,0
50247,0
50248,0
50251,0
50254,0
50256,0
50257,0
50259,0
50269,0
50271,0
50272,0
50273,0
50276,0
50284,0
50285,0
50292,0
50294,0
50303,0
50304,0
50306,0
50307,0
50309,0
50311,0
50313,0
50314,0
50320,0
50321,0
50322,0
50323,0
50327,0
50331,0
50333,0
50335,0
50340,0
50347,0
50348,0
50350,0
50351,0
50354,0
50358,0
50361,0
50362,0
50363,0
50365,0
50366,0
50375,0
50376,0
50379,0
50382,0
50385,0
50386,0
50387,0
50388,0
50395,0
50402,0
50404,0
50408,0
50411,0
50412,0
50417,0
50418,0
50419,0
50422,0
50428,0
50432,0
50434,0
50439,0
50440,0
50441,0
50442,0
50443,0
50446,0
50454,0
50456,0
50457,0
50462,0
50465,0
50469,0
50470,0
50474,0
50477,0
50480,0
50481,0
50483,0
50485,0
50495,0
50496,0
50498,0
50501,0
50503,0
50507,0
50508,0
50511,0
50512,0
50516,0
50533,0
50537,0
50541,0
50543,0
50547,0
50548,0
50549,0
50550,0
50555,0
50558,0
50559,0
50565,0
50566,0
50568,0
50576,0
50579,0
50582,0
50583,0
50591,0
50592,0
50596,0
50599,0
50602,0
50604,0
50608,0
50610,0
50611,0
50613,0
50615,0
50616,0
50618,0
50619,0
50620,0
50631,0
50632,0
50637,0
50638,0
50640,0
50641,0
50652,0
50653,0
50656,0
50658,0
50660,0
50664,0
50667,0
50668,0
50669,0
50672,0
50675,0
50677,0
50678,0
50679,0
50681,0
50682,0
50686,0
50690,0
50691,0
50693,0
50695,0
50698,0
50701,0
50703,0
50704,0
50705,0
50708,0
50709,0
50710,0
50713,0
50714,0
50715,0
50718,0
50721,0
50723,0
50725,0
50729,0
50732,0
50738,0
50739,0
50741,0
50743,0
50744,0
50746,0
50749,0
50750,0
50751,0
50754,0
50759,0
50762,0
50763,0
50765,0
50768,0
50775,0
50777,0
50778,0
50779,0
50780,0
50783,0
50790,0
50791,0
50792,0
50793,0
50795,0
50797,0
50800,0
50804,0
50805,0
50811,0
50812,0
50816,0
50818,0
50821,0
50823,0
50824,0
50825,0
50826,0
50831,0
50832,0
50833,0
50837,0
50844,0
50845,0
50846,0
50847,0
50851,0
50857,0
50858,0
50859,0
50869,0
50873,0
50874,0
50879,0
50881,0
50884,0
50887,0
50888,0
50895,0
50900,0
50901,0
50903,0
50908,0
50913,0
50916,0
50917,0
50918,0
50921,0
50923,0
50925,0
50930,0
50932,0
50935,0
50939,0
50940,0
50941,0
50942,0
50945,0
50948,0
50959,0
50961,0
50964,0
50967,0
50968,0
50969,0
50974,0
50975,0
50977,0
50979,0
50985,0
50986,0
50988,0
50990,0
50994,0
51001,0
51004,0
51006,0
51007,0
51008,0
51013,0
51016,0
51017,0
51018,0
51020,0
51022,0
51027,0
51031,0
51032,0
51033,0
51036,0
51040,0
51042,0
51044,0
51050,0
51063,0
51065,0
51069,0
51070,0
51076,0
51079,0
51084,0
51086,0
51090,0
51098,0
51100,0
51102,0
51103,0
51111,0
51114,0
51115,0
51116,0
51120,0
51122,0
51124,0
51127,0
51129,0
51130,0
51131,0
51134,0
51135,0
51139,0
51140,0
51142,0
51143,0
51145,0
51146,0
51147,0
51150,0
51151,0
51154,0
51155,0
51160,0
51163,0
51164,0
51165,0
51167,0
51171,0
51172,0
51181,0
51182,0
51184,0
51185,0
51188,0
51192,0
51194,0
51202,0
51207,0
51211,0
51214,0
51215,0
51216,0
51219,0
51220,0
51223,0
51225,0
51230,0
51231,0
51232,0
51234,0
51235,0
51238,0
51241,0
51244,0
51245,0
51246,0
51252,0
51253,0
51255,0
51256,0
51258,0
51259,0
51261,0
51264,0
51265,0
51274,0
51275,0
51277,0
51278,0
51281,0
51282,0
51283,0
51286,0
51288,0
51293,0
51294,0
51295,0
51299,0
51301,0
51302,0
51303,0
51305,0
51309,0
51314,0
51315,0
51317,0
51320,0
51321,0
51323,0
51329,0
51330,0
51331,0
51334,0
51336,0
51338,0
51340,0
51346,0
51347,0
51348,0
51350,0
51353,0
51355,0
51356,0
51358,0
51359,0
51362,0
51365,0
51366,0
51370,0
51372,0
51373,0
51376,0
51383,0
51385,0
51387,0
51392,0
51398,0
51402,0
51407,0
51412,0
51414,0
51420,0
51421,0
51422,0
51425,0
51427,0
51430,0
51433,0
51434,0
51435,0
51437,0
51440,0
51441,0
51442,0
51445,0
51446,0
51449,0
51450,0
51453,0
51459,0
51465,0
51471,0
51474,0
51476,0
51477,0
51479,0
51481,0
51484,0
51487,0
51488,0
51490,0
51491,0
51492,0
51501,0
51502,0
51510,0
51511,0
51513,0
51514,0
51517,0
51521,0
51523,0
51525,0
51526,0
51529,0
51530,0
51531,0
51533,0
51534,0
51536,0
51537,0
51543,0
51545,0
51548,0
51551,0
51554,0
51555,0
51556,0
51562,0
51564,0
51566,0
51567,0
51570,0
51572,0
51574,0
51576,0
51577,0
51578,0
51579,0
51581,0
51582,0
51583,0
51586,0
51588,0
51589,0
51590,0
51594,0
51600,0
51609,0
51612,0
51613,0
51615,0
51618,0
51620,0
51623,0
51624,0
51626,0
51627,0
51631,0
51632,0
51636,0
51641,0
51644,0
51645,0
51647,0
51648,0
51649,0
51652,0
51654,0
51657,0
51658,0
51659,0
51664,0
51666,0
51671,0
51672,0
51676,0
51678,0
51680,0
51682,0
51684,0
51689,0
51692,0
51700,0
51702,0
51703,0
51704,0
51705,0
51707,0
51709,0
51714,0
51720,0
51723,0
51724,0
51725,0
51726,0
51732,0
51738,0
51739,0
51745,0
51746,0
51747,0
51750,0
51752,0
51754,0
51756,0
51757,0
51759,0
51760,0
51761,0
51763,0
51765,0
51769,0
51771,0
51772,0
51774,0
51776,0
51778,0
51779,0
51780,0
51781,0
51782,0
51786,0
51787,0
51788,0
51789,0
51790,0
51792,0
51793,0
51794,0
51796,0
51800,0
51802,0
51803,0
51804,0
51808,0
51812,0
51819,0
51820,0
51828,0
51829,0
51830,0
51831,0
51832,0
51835,0
51837,0
51839,0
51841,0
51845,0
51848,0
51850,0
51851,0
51853,0
51856,0
51858,0
51860,0
51864,0
51868,0
51871,0
51872,0
51876,0
51881,0
51883,0
51888,0
51891,0
51895,0
51900,0
51902,0
51903,0
51904,0
51916,0
51920,0
51921,0
51922,0
51923,0
51925,0
51927,0
51929,0
51930,0
51937,0
51939,0
51940,0
51941,0
51942,0
51943,0
51946,0
51950,0
51951,0
51952,0
51953,0
51955,0
51956,0
51958,0
51964,0
51965,0
51967,0
51968,0
51969,0
51970,0
51972,0
51973,0
51976,0
51978,0
51980,0
51981,0
51984,0
51988,0
51991,0
51994,0
51995,0
51996,0
51997,0
51998,0
51999,0
52000,0
52004,0
52008,0
52010,0
52011,0
52012,0
52016,0
52023,0
52028,0
52030,0
52036,0
52039,0
52040,0
52042,0
52043,0
52045,0
52048,0
52051,0
52054,0
52063,0
52064,0
52065,0
52067,0
52072,0
52073,0
52076,0
52077,0
52078,0
52080,0
52082,0
52085,0
52086,0
52087,0
52088,0
52089,0
52090,0
52095,0
52096,0
52100,0
52101,0
52102,0
52103,0
52105,0
52106,0
52108,0
52115,0
52116,0
52117,0
52118,0
52120,0
52123,0
52126,0
52127,0
52130,0
52131,0
52132,0
52136,0
52138,0
52139,0
52146,0
52149,0
52151,0
52154,0
52161,0
52165,0
52170,0
52172,0
52177,0
52181,0
52183,0
52187,0
52188,0
52191,0
52192,0
52196,0
52203,0
52205,0
52207,0
52211,0
52212,0
52214,0
52216,0
52218,0
52221,0
52223,0
52224,0
52225,0
52230,0
52232,0
52236,0
52237,0
52247,0
52253,0
52256,0
52260,0
52268,0
52270,0
52272,0
52273,0
52274,0
52282,0
52284,0
52289,0
52290,0
52292,0
52295,0
52296,0
52298,0
52299,0
52300,0
52307,0
52317,0
52318,0
52319,0
52325,0
52326,0
52327,0
52335,0
52339,0
52344,0
52345,0
52350,0
52352,0
52359,0
52360,0
52363,0
52370,0
52371,0
52372,0
52373,0
52379,0
52380,0
52388,0
52391,0
52392,0
52393,0
52395,0
52396,0
52397,0
52399,0
52400,0
52402,0
52405,0
52406,0
52407,0
52410,0
52413,0
52415,0
52419,0
52420,0
52421,0
52425,0
52427,0
52429,0
52430,0
52434,0
52436,0
52437,0
52438,0
52441,0
52442,0
52443,0
52447,0
52453,0
52454,0
52455,0
52460,0
52461,0
52462,0
52463,0
52464,0
52467,0
52468,0
52470,0
52473,0
52475,0
52477,0
52488,0
52491,0
52494,0
52496,0
52497,0
52500,0
52505,0
52506,0
52507,0
52509,0
52511,0
52516,0
52517,0
52519,0
52520,0
52524,0
52525,0
52529,0
52530,0
52531,0
52532,0
52533,0
52538,0
52539,0
52545,0
52546,0
52547,0
52549,0
52550,0
52551,0
52552,0
52554,0
52555,0
52556,0
52560,0
52565,0
52566,0
52568,0
52571,0
52572,0
52577,0
52580,0
52584,0
52591,0
52595,0
52596,0
52600,0
52602,0
52603,0
52609,0
52612,0
52613,0
52615,0
52616,0
52617,0
52622,0
52623,0
52624,0
52625,0
52627,0
52629,0
52631,0
52632,0
52633,0
52636,0
52639,0
52640,0
52641,0
52646,0
52650,0
52651,0
52652,0
52653,0
52655,0
52660,0
52663,0
52665,0
52667,0
52668,0
52669,0
52670,0
52675,0
52676,0
52677,0
52678,0
52681,0
52683,0
52685,0
52686,0
52688,0
52692,0
52694,0
52707,0
52708,0
52709,0
52713,0
52718,0
52719,0
52720,0
52723,0
52728,0
52729,0
52730,0
52733,0
52734,0
52735,0
52738,0
52739,0
52740,0
52742,0
52745,0
52752,0
52755,0
52756,0
52757,0
52760,0
52765,0
52766,0
52767,0
52769,0
52772,0
52774,0
52775,0
52776,0
52781,0
52782,0
52786,0
52787,0
52788,0
52790,0
52791,0
52792,0
52794,0
52797,0
52798,0
52799,0
52800,0
52801,0
52806,0
52808,0
52813,0
52820,0
52821,0
52824,0
52827,0
52828,0
52830,0
52832,0
52833,0
52834,0
52835,0
52837,0
52840,0
52842,0
52846,0
52847,0
52849,0
52850,0
52855,0
52859,0
52861,0
52862,0
52864,0
52865,0
52866,0
52870,0
52873,0
52874,0
52875,0
52876,0
52877,0
52880,0
52883,0
52885,0
52887,0
52891,0
52893,0
52894,0
52898,0
52899,0
52901,0
52905,0
52908,0
52910,0
52911,0
52913,0
52914,0
52915,0
52922,0
52926,0
52928,0
52929,0
52932,0
52936,0
52938,0
52947,0
52948,0
52949,0
52953,0
52954,0
52955,0
52956,0
52961,0
52970,0
52974,0
52977,0
52983,0
52984,0
52989,0
52992,0
52994,0
52995,0
52997,0
53001,0
53003,0
53004,0
53005,0
53008,0
53009,0
53010,0
53015,0
53016,0
53019,0
53024,0
53025,0
53027,0
53031,0
53032,0
53033,0
53040,0
53042,0
53045,0
53047,0
53050,0
53054,0
53058,0
53059,0
53063,0
53064,0
53067,0
53068,0
53069,0
53078,0
53079,0
53080,0
53081,0
53085,0
53088,0
53089,0
53090,0
53092,0
53098,0
53099,0
53102,0
53104,0
53108,0
53111,0
53112,0
53114,0
53119,0
53120,0
53121,0
53122,0
53127,0
53128,0
53139,0
53140,0
53141,0
53145,0
53146,0
53150,0
53151,0
53153,0
53154,0
53156,0
53157,0
53158,0
53159,0
53162,0
53163,0
53166,0
53168,0
53174,0
53175,0
53180,0
53190,0
53191,0
53196,0
53198,0
53199,0
53204,0
53205,0
53206,0
53209,0
53214,0
53216,0
53226,0
53227,0
53229,0
53234,0
53235,0
53240,0
53244,0
53246,0
53251,0
53255,0
53259,0
53267,0
53269,0
53271,0
53274,0
53275,0
53279,0
53282,0
53284,0
53287,0
53288,0
53290,0
53293,0
53295,0
53296,0
53299,0
53302,0
53303,0
53305,0
53306,0
53307,0
53308,0
53309,0
53313,0
53315,0
53317,0
53319,0
53321,0
53323,0
53325,0
53327,0
53330,0
53337,0
53339,0
53341,0
53342,0
53346,0
53348,0
53353,0
53355,0
53357,0
53364,0
53365,0
53366,0
53380,0
53383,0
53387,0
53390,0
53391,0
53392,0
53393,0
53396,0
53406,0
53407,0
53409,0
53410,0
53411,0
53414,0
53416,0
53417,0
53418,0
53423,0
53425,0
53426,0
53429,0
53430,0
53431,0
53434,0
53436,0
53437,0
53439,0
53443,0
53444,0
53445,0
53447,0
53448,0
53464,0
53466,0
53467,0
53468,0
53470,0
53471,0
53472,0
53474,0
53478,0
53479,0
53486,0
53487,0
53489,0
53490,0
53491,0
53495,0
53496,0
53499,0
53501,0
53505,0
53510,0
53517,0
53518,0
53520,0
53522,0
53527,0
53532,0
53535,0
53536,0
53537,0
53541,0
53543,0
53544,0
53546,0
53547,0
53552,0
53553,0
53554,0
53559,0
53560,0
53561,0
53562,0
53563,0
53568,0
53571,0
53573,0
53582,0
53587,0
53588,0
53592,0
53593,0
53595,0
53597,0
53598,0
53599,0
53600,0
53606,0
53610,0
53613,0
53614,0
53616,0
53617,0
53618,0
53619,0
53622,0
53623,0
53624,0
53626,0
53627,0
53631,0
53632,0
53638,0
53642,0
53647,0
53649,0
53652,0
53653,0
53654,0
53655,0
53656,0
53661,0
53662,0
53665,0
53667,0
53668,0
53669,0
53671,0
53676,0
53677,0
53682,0
53683,0
53687,0
53690,0
53691,0
53692,0
53693,0
53695,0
53698,0
53701,0
53706,0
53707,0
53709,0
53710,0
53711,0
53714,0
53716,0
53717,0
53718,0
53719,0
53722,0
53730,0
53732,0
53736,0
53737,0
53740,0
53741,0
53743,0
53746,0
53747,0
53749,0
53752,0
53754,0
53757,0
53759,0
53763,0
53764,0
53769,0
53771,0
53773,0
53774,0
53777,0
53780,0
53781,0
53783,0
53784,0
53785,0
53788,0
53789,0
53790,0
53791,0
53792,0
53793,0
53797,0
53798,0
53801,0
53805,0
53807,0
53809,0
53810,0
53816,0
53822,0
53824,0
53825,0
53827,0
53829,0
53831,0
53834,0
53835,0
53840,0
53841,0
53842,0
53845,0
53847,0
53849,0
53850,0
53851,0
53853,0
53855,0
53858,0
53859,0
53860,0
53861,0
53862,0
53863,0
53865,0
53866,0
53867,0
53868,0
53870,0
53871,0
53874,0
53876,0
53877,0
53881,0
53883,0
53884,0
53885,0
53889,0
53893,0
53894,0
53896,0
53897,0
53900,0
53902,0
53905,0
53914,0
53919,0
53920,0
53921,0
53923,0
53926,0
53929,0
53931,0
53938,0
53939,0
53941,0
53942,0
53950,0
53952,0
53957,0
53961,0
53967,0
53968,0
53969,0
53972,0
53974,0
53981,0
53985,0
53986,0
53989,0
53992,0
53993,0
53994,0
53997,0
53998,0
54001,0
54003,0
54007,0
54016,0
54023,0
54026,0
54028,0
54034,0
54035,0
54037,0
54038,0
54041,0
54044,0
54045,0
54048,0
54049,0
54055,0
54057,0
54060,0
54065,0
54067,0
54074,0
54078,0
54081,0
54083,0
54084,0
54087,0
54088,0
54093,0
54098,0
54100,0
54103,0
54107,0
54109,0
54110,0
54113,0
54114,0
54116,0
54117,0
54119,0
54120,0
54122,0
54124,0
54130,0
54134,0
54141,0
54147,0
54149,0
54154,0
54158,0
54161,0
54164,0
54166,0
54173,0
54174,0
54176,0
54180,0
54182,0
54186,0
54190,0
54191,0
54194,0
54195,0
54198,0
54201,0
54203,0
54205,0
54209,0
54210,0
54211,0
54213,0
54215,0
54216,0
54219,0
54221,0
54223,0
54224,0
54228,0
54229,0
54231,0
54232,0
54235,0
54236,0
54239,0
54240,0
54241,0
54248,0
54250,0
54252,0
54253,0
54254,0
54261,0
54263,0
54266,0
54268,0
54270,0
54271,0
54272,0
54274,0
54275,0
54276,0
54278,0
54280,0
54283,0
54285,0
54286,0
54290,0
54293,0
54298,0
54299,0
54300,0
54306,0
54308,0
54309,0
54319,0
54320,0
54326,0
54334,0
54338,0
54341,0
54342,0
54343,0
54344,0
54348,0
54351,0
54356,0
54359,0
54361,0
54363,0
54367,0
54369,0
54370,0
54371,0
54374,0
54380,0
54383,0
54387,0
54391,0
54392,0
54397,0
54398,0
54399,0
54402,0
54405,0
54406,0
54408,0
54410,0
54412,0
54413,0
54415,0
54418,0
54421,0
54422,0
54427,0
54429,0
54430,0
54433,0
54434,0
54437,0
54438,0
54440,0
54441,0
54443,0
54444,0
54454,0
54455,0
54456,0
54457,0
54458,0
54461,0
54462,0
54463,0
54464,0
54465,0
54468,0
54470,0
54471,0
54473,0
54476,0
54479,0
54480,0
54482,0
54483,0
54484,0
54488,0
54490,0
54492,0
54495,0
54504,0
54506,0
54508,0
54514,0
54517,0
54518,0
54520,0
54527,0
54528,0
54529,0
54530,0
54531,0
54535,0
54536,0
54538,0
54543,0
54546,0
54549,0
54551,0
54552,0
54553,0
54558,0
54559,0
54562,0
54563,0
54564,0
54565,0
54568,0
54571,0
54575,0
54577,0
54584,0
54585,0
54588,0
54591,0
54594,0
54595,0
54598,0
54600,0
54603,0
54605,0
54610,0
54611,0
54615,0
54618,0
54625,0
54626,0
54628,0
54630,0
54634,0
54636,0
54637,0
54642,0
54643,0
54644,0
54645,0
54647,0
54650,0
54652,0
54653,0
54658,0
54663,0
54665,0
54666,0
54667,0
54669,0
54673,0
54675,0
54679,0
54680,0
54683,0
54685,0
54686,0
54687,0
54688,0
54689,0
54691,0
54697,0
54699,0
54701,0
54702,0
54703,0
54709,0
54710,0
54711,0
54714,0
54718,0
54723,0
54725,0
54727,0
54730,0
54731,0
54733,0
54734,0
54736,0
54737,0
54740,0
54741,0
54742,0
54743,0
54746,0
54750,0
54754,0
54757,0
54760,0
54761,0
54765,0
54766,0
54770,0
54771,0
54772,0
54775,0
54781,0
54785,0
54786,0
54790,0
54791,0
54793,0
54795,0
54799,0
54802,0
54803,0
54807,0
54810,0
54811,0
54812,0
54813,0
54818,0
54825,0
54826,0
54829,0
54830,0
54835,0
54839,0
54843,0
54850,0
54852,0
54857,0
54858,0
54860,0
54861,0
54866,0
54873,0
54879,0
54881,0
54888,0
54889,0
54890,0
54893,0
54894,0
54899,0
54900,0
54902,0
54905,0
54906,0
54907,0
54913,0
54919,0
54922,0
54924,0
54925,0
54927,0
54928,0
54930,0
54932,0
54933,0
54938,0
54940,0
54944,0
54946,0
54951,0
54953,0
54955,0
54961,0
54962,0
54965,0
54966,0
54969,0
54973,0
54974,0
54977,0
54981,0
54982,0
54984,0
54986,0
54988,0
54990,0
54992,0
54993,0
54996,0
54999,0
55000,0
55001,0
55005,0
55007,0
55008,0
55011,0
55012,0
55013,0
55014,0
55020,0
55021,0
55024,0
55025,0
55028,0
55029,0
55038,0
55044,0
55046,0
55048,0
55052,0
55054,0
55056,0
55057,0
55062,0
55069,0
55073,0
55074,0
55075,0
55077,0
55080,0
55089,0
55092,0
55096,0
55098,0
55101,0
55103,0
55104,0
55106,0
55109,0
55112,0
55114,0
55116,0
55117,0
55122,0
55123,0
55129,0
55130,0
55136,0
55138,0
55141,0
55142,0
55145,0
55146,0
55147,0
55148,0
55153,0
55160,0
55161,0
55164,0
55167,0
55171,0
55173,0
55176,0
55181,0
55182,0
55185,0
55186,0
55188,0
55190,0
55193,0
55195,0
55196,0
55200,0
55201,0
55202,0
55207,0
55209,0
55213,0
55217,0
55218,0
55219,0
55221,0
55222,0
55225,0
55227,0
55235,0
55236,0
55237,0
55238,0
55244,0
55246,0
55247,0
55251,0
55252,0
55253,0
55259,0
55269,0
55274,0
55275,0
55278,0
55279,0
55281,0
55283,0
55284,0
55292,0
55294,0
55296,0
55298,0
55299,0
55302,0
55303,0
55304,0
55305,0
55308,0
55311,0
55313,0
55314,0
55318,0
55321,0
55322,0
55323,0
55326,0
55330,0
55333,0
55334,0
55339,0
55342,0
55344,0
55345,0
55347,0
55348,0
55349,0
55351,0
55353,0
55356,0
55359,0
55362,0
55363,0
55364,0
55367,0
55371,0
55374,0
55376,0
55377,0
55378,0
55379,0
55381,0
55382,0
55383,0
55387,0
55399,0
55401,0
55402,0
55403,0
55404,0
55406,0
55407,0
55409,0
55410,0
55411,0
55415,0
55416,0
55418,0
55422,0
55425,0
55431,0
55435,0
55437,0
55445,0
55446,0
55450,0
55451,0
55454,0
55457,0
55459,0
55460,0
55462,0
55467,0
55470,0
55473,0
55474,0
55476,0
55481,0
55484,0
55486,0
55487,0
55489,0
55490,0
55492,0
55495,0
55497,0
55501,0
55503,0
55504,0
55507,0
55509,0
55510,0
55512,0
55513,0
55515,0
55518,0
55519,0
55520,0
55522,0
55528,0
55530,0
55531,0
55533,0
55534,0
55537,0
55545,0
55546,0
55550,0
55551,0
55554,0
55556,0
55560,0
55562,0
55574,0
55575,0
55577,0
55579,0
55587,0
55588,0
55590,0
55591,0
55592,0
55597,0
55600,0
55603,0
55605,0
55608,0
55609,0
55614,0
55616,0
55618,0
55619,0
55622,0
55627,0
55629,0
55630,0
55631,0
55632,0
55639,0
55640,0
55642,0
55644,0
55645,0
55648,0
55649,0
55651,0
55657,0
55658,0
55660,0
55662,0
55665,0
55667,0
55670,0
55671,0
55672,0
55673,0
55674,0
55676,0
55680,0
55683,0
55686,0
55688,0
55690,0
55695,0
55697,0
55704,0
55706,0
55711,0
55713,0
55714,0
55715,0
55718,0
55719,0
55720,0
55724,0
55726,0
55727,0
55728,0
55731,0
55736,0
55737,0
55738,0
55741,0
55742,0
55745,0
55747,0
55749,0
55751,0
55754,0
55755,0
55771,0
55772,0
55774,0
55782,0
55785,0
55786,0
55791,0
55798,0
55803,0
55804,0
55808,0
55809,0
55810,0
55811,0
55812,0
55813,0
55814,0
55815,0
55816,0
55819,0
55820,0
55825,0
55827,0
55831,0
55832,0
55833,0
55838,0
55841,0
55844,0
55846,0
55849,0
55850,0
55852,0
55857,0
55859,0
55860,0
55861,0
55863,0
55864,0
55865,0
55866,0
55870,0
55874,0
55875,0
55876,0
55878,0
55879,0
55883,0
55884,0
55889,0
55890,0
55898,0
55899,0
55900,0
55902,0
55904,0
55910,0
55912,0
55914,0
55916,0
55917,0
55920,0
55921,0
55922,0
55925,0
55926,0
55927,0
55928,0
55930,0
55935,0
55936,0
55938,0
55945,0
55947,0
55948,0
55950,0
55960,0
55962,0
55963,0
55965,0
55966,0
55967,0
55969,0
55972,0
55974,0
55977,0
55980,0
55982,0
55984,0
55986,0
55988,0
55990,0
55995,0
55997,0
55998,0
55999,0
56000,0
56003,0
56010,0
56012,0
56015,0
56022,0
56027,0
56033,0
56035,0
56037,0
56039,0
56041,0
56042,0
56043,0
56044,0
56046,0
56047,0
56048,0
56052,0
56053,0
56055,0
56056,0
56058,0
56060,0
56064,0
56067,0
56071,0
56072,0
56074,0
56076,0
56078,0
56079,0
56085,0
56086,0
56087,0
56090,0
56091,0
56092,0
56094,0
56097,0
56101,0
56104,0
56107,0
56108,0
56118,0
56120,0
56121,0
56123,0
56126,0
56127,0
56128,0
56129,0
56134,0
56135,0
56136,0
56137,0
56140,0
56141,0
56142,0
56151,0
56152,0
56153,0
56158,0
56166,0
56168,0
56170,0
56172,0
56175,0
56178,0
56179,0
56182,0
56184,0
56193,0
56194,0
56196,0
56197,0
56198,0
56211,0
56214,0
56216,0
56217,0
56219,0
56220,0
56221,0
56222,0
56223,0
56229,0
56231,0
56232,0
56233,0
56234,0
56237,0
56239,0
56240,0
56241,0
56242,0
56243,0
56244,0
56247,0
56249,0
56250,0
56253,0
56259,0
56262,0
56264,0
56270,0
56272,0
56273,0
56278,0
56282,0
56284,0
56285,0
56286,0
56288,0
56289,0
56296,0
56299,0
56302,0
56303,0
56308,0
56309,0
56315,0
56316,0
56319,0
56320,0
56325,0
56326,0
56327,0
56331,0
56333,0
56334,0
56335,0
56337,0
56338,0
56339,0
56341,0
56344,0
56345,0
56351,0
56352,0
56357,0
56358,0
56360,0
56365,0
56367,0
56368,0
56372,0
56374,0
56376,0
56380,0
56382,0
56384,0
56385,0
56387,0
56392,0
56395,0
56396,0
56397,0
56399,0
56401,0
56402,0
56404,0
56405,0
56406,0
56407,0
56409,0
56410,0
56411,0
56415,0
56417,0
56418,0
56423,0
56426,0
56427,0
56430,0
56431,0
56442,0
56446,0
56447,0
56450,0
56453,0
56457,0
56459,0
56461,0
56464,0
56465,0
56467,0
56468,0
56469,0
56471,0
56472,0
56474,0
56478,0
56482,0
56483,0
56485,0
56487,0
56488,0
56490,0
56491,0
56492,0
56499,0
56501,0
56505,0
56512,0
56513,0
56514,0
56516,0
56525,0
56527,0
56529,0
56531,0
56532,0
56535,0
56537,0
56540,0
56541,0
56542,0
56545,0
56546,0
56548,0
56549,0
56560,0
56562,0
56563,0
56565,0
56568,0
56570,0
56572,0
56574,0
56576,0
56578,0
56579,0
56583,0
56584,0
56586,0
56591,0
56592,0
56594,0
56598,0
56599,0
56602,0
56612,0
56614,0
56615,0
56617,0
56618,0
56619,0
56621,0
56622,0
56623,0
56624,0
56636,0
56637,0
56638,0
56644,0
56649,0
56651,0
56653,0
56655,0
56659,0
56663,0
56667,0
56668,0
56670,0
56673,0
56674,0
56675,0
56678,0
56679,0
56680,0
56682,0
56685,0
56687,0
56688,0
56694,0
56695,0
56697,0
56698,0
56704,0
56712,0
56714,0
56716,0
56720,0
56725,0
56728,0
56730,0
56731,0
56733,0
56736,0
56737,0
56738,0
56739,0
56741,0
56746,0
56748,0
56750,0
56751,0
56754,0
56755,0
56759,0
56762,0
56763,0
56765,0
56766,0
56767,0
56772,0
56778,0
56782,0
56791,0
56793,0
56794,0
56795,0
56796,0
56798,0
56805,0
56806,0
56809,0
56811,0
56812,0
56818,0
56821,0
56826,0
56831,0
56832,0
56834,0
56835,0
56837,0
56838,0
56839,0
56840,0
56841,0
56844,0
56845,0
56849,0
56850,0
56853,0
56855,0
56856,0
56857,0
56858,0
56865,0
56867,0
56870,0
56871,0
56872,0
56873,0
56878,0
56879,0
56880,0
56882,0
56883,0
56886,0
56887,0
56888,0
56889,0
56892,0
56894,0
56902,0
56903,0
56905,0
56912,0
56917,0
56922,0
56929,0
56930,0
56932,0
56933,0
56935,0
56936,0
56937,0
56943,0
56944,0
56946,0
56949,0
56951,0
56953,0
56954,0
56955,0
56957,0
56961,0
56962,0
56965,0
56966,0
56968,0
56974,0
56975,0
56977,0
56978,0
56979,0
56983,0
56987,0
56988,0
56989,0
56991,0
56992,0
56993,0
56994,0
56999,0
57002,0
57003,0
57005,0
57008,0
57009,0
57019,0
57021,0
57022,0
57024,0
57027,0
57028,0
57031,0
57032,0
57035,0
57038,0
57040,0
57042,0
57045,0
57046,0
57048,0
57049,0
57052,0
57055,0
57058,0
57061,0
57064,0
57070,0
57071,0
57072,0
57075,0
57076,0
57080,0
57082,0
57085,0
57086,0
57091,0
57093,0
57094,0
57095,0
57099,0
57105,0
57110,0
57115,0
57116,0
57117,0
57119,0
57122,0
57126,0
57128,0
57129,0
57130,0
57131,0
57133,0
57136,0
57144,0
57146,0
57148,0
57152,0
57158,0
57161,0
57168,0
57173,0
57176,0
57178,0
57191,0
57192,0
57194,0
57197,0
57199,0
57200,0
57201,0
57204,0
57205,0
57206,0
57207,0
57208,0
57209,0
57210,0
57211,0
57213,0
57214,0
57215,0
57216,0
57217,0
57219,0
57221,0
57222,0
57223,0
57230,0
57231,0
57232,0
57233,0
57234,0
57235,0
57236,0
57239,0
57244,0
57246,0
57249,0
57253,0
57257,0
57259,0
57262,0
57265,0
57266,0
57270,0
57274,0
57276,0
57279,0
57283,0
57285,0
57293,0
57297,0
57299,0
57301,0
57306,0
57308,0
57309,0
57310,0
57314,0
57316,0
57317,0
57319,0
57323,0
57325,0
57327,0
57329,0
57330,0
57334,0
57339,0
57340,0
57341,0
57345,0
57347,0
57351,0
57354,0
57356,0
57359,0
57360,0
57361,0
57372,0
57375,0
57377,0
57380,0
57385,0
57386,0
57388,0
57389,0
57390,0
57393,0
57394,0
57399,0
57400,0
57401,0
57402,0
57403,0
57404,0
57406,0
57409,0
57411,0
57412,0
57413,0
57414,0
57415,0
57421,0
57422,0
57426,0
57429,0
57438,0
57440,0
57447,0
57457,0
57459,0
57463,0
57464,0
57470,0
57473,0
57475,0
57478,0
57485,0
57486,0
57487,0
57489,0
57492,0
57493,0
57494,0
57495,0
57496,0
57497,0
57499,0
57500,0
57504,0
57511,0
57513,0
57514,0
57515,0
57518,0
57523,0
57524,0
57526,0
57527,0
57531,0
57534,0
57536,0
57544,0
57547,0
57548,0
57553,0
57562,0
57564,0
57566,0
57567,0
57571,0
57574,0
57576,0
57577,0
57578,0
57582,0
57585,0
57589,0
57591,0
57593,0
57595,0
57597,0
57600,0
57601,0
57604,0
57606,0
57607,0
57608,0
57609,0
57610,0
57617,0
57618,0
57619,0
57622,0
57623,0
57625,0
57626,0
57627,0
57628,0
57635,0
57640,0
57644,0
57646,0
57647,0
57649,0
57650,0
57654,0
57655,0
57659,0
57663,0
57664,0
57666,0
57667,0
57668,0
57675,0
57678,0
57680,0
57684,0
57686,0
57687,0
57689,0
57691,0
57693,0
57694,0
57695,0
57697,0
57699,0
57700,0
57701,0
57704,0
57705,0
57709,0
57711,0
57721,0
57722,0
57724,0
57729,0
57731,0
57732,0
57733,0
57737,0
57738,0
57741,0
57742,0
57743,0
57744,0
57746,0
57747,0
57748,0
57749,0
57754,0
57756,0
57757,0
57758,0
57766,0
57771,0
57773,0
57776,0
57786,0
57788,0
57789,0
57794,0
57799,0
57803,0
57804,0
57811,0
57815,0
57817,0
57821,0
57822,0
57827,0
57833,0
57836,0
57839,0
57842,0
57843,0
57844,0
57846,0
57847,0
57849,0
57852,0
57855,0
57865,0
57867,0
57868,0
57869,0
57872,0
57880,0
57881,0
57882,0
57883,0
57885,0
57886,0
57887,0
57889,0
57896,0
57898,0
57900,0
57902,0
57903,0
57907,0
57909,0
57911,0
57917,0
57918,0
57919,0
57920,0
57922,0
57925,0
57926,0
57928,0
57929,0
57932,0
57935,0
57940,0
57942,0
57943,0
57944,0
57948,0
57949,0
57952,0
57955,0
57960,0
57961,0
57962,0
57963,0
57965,0
57966,0
57967,0
57968,0
57971,0
57972,0
57973,0
57974,0
57975,0
57978,0
57981,0
57985,0
57986,0
57993,0
57999,0
58000,0
58001,0
58002,0
58006,0
58007,0
58008,0
58009,0
58010,0
58012,0
58013,0
58015,0
58017,0
58018,0
58019,0
58021,0
58022,0
58027,0
58029,0
58031,0
58037,0
58041,0
58045,0
58047,0
58051,0
58052,0
58053,0
58055,0
58060,0
58064,0
58066,0
58067,0
58068,0
58069,0
58072,0
58073,0
58074,0
58076,0
58079,0
58080,0
58081,0
58089,0
58091,0
58093,0
58096,0
58097,0
58098,0
58103,0
58107,0
58108,0
58111,0
58112,0
58115,0
58121,0
58122,0
58124,0
58131,0
58132,0
58134,0
58135,0
58140,0
58141,0
58146,0
58147,0
58151,0
58153,0
58157,0
58158,0
58159,0
58166,0
58168,0
58173,0
58177,0
58178,0
58179,0
58181,0
58186,0
58189,0
58190,0
58193,0
58194,0
58202,0
58204,0
58205,0
58209,0
58211,0
58213,0
58214,0
58217,0
58219,0
58222,0
58223,0
58224,0
58228,0
58230,0
58232,0
58233,0
58235,0
58236,0
58241,0
58242,0
58243,0
58245,0
58248,0
58252,0
58259,0
58261,0
58263,0
58264,0
58266,0
58268,0
58269,0
58270,0
58273,0
58274,0
58276,0
58283,0
58290,0
58292,0
58297,0
58299,0
58300,0
58303,0
58306,0
58307,0
58311,0
58312,0
58314,0
58315,0
58318,0
58323,0
58324,0
58327,0
58331,0
58332,0
58333,0
58334,0
58337,0
58338,0
58345,0
58347,0
58349,0
58351,0
58352,0
58360,0
58362,0
58364,0
58368,0
58370,0
58372,0
58373,0
58377,0
58378,0
58380,0
58381,0
58382,0
58383,0
58385,0
58387,0
58391,0
58395,0
58398,0
58399,0
58405,0
58409,0
58411,0
58414,0
58416,0
58419,0
58420,0
58424,0
58426,0
58430,0
58435,0
58438,0
58441,0
58443,0
58444,0
58446,0
58448,0
58452,0
58453,0
58454,0
58456,0
58459,0
58461,0
58465,0
58467,0
58468,0
58471,0
58472,0
58473,0
58475,0
58476,0
58477,0
58480,0
58482,0
58484,0
58489,0
58490,0
58493,0
58494,0
58496,0
58497,0
58503,0
58506,0
58507,0
58508,0
58512,0
58513,0
58514,0
58517,0
58518,0
58519,0
58521,0
58522,0
58524,0
58525,0
58529,0
58531,0
58533,0
58535,0
58538,0
58541,0
58542,0
58545,0
58546,0
58549,0
58550,0
58551,0
58553,0
58557,0
58559,0
58563,0
58568,0
58573,0
58575,0
58576,0
58578,0
58579,0
58580,0
58582,0
58584,0
58585,0
58587,0
58589,0
58590,0
58591,0
58592,0
58600,0
58601,0
58604,0
58606,0
58611,0
58618,0
58619,0
58625,0
58626,0
58627,0
58628,0
58630,0
58631,0
58632,0
58637,0
58639,0
58640,0
58641,0
58644,0
58645,0
58646,0
58648,0
58654,0
58655,0
58656,0
58657,0
58658,0
58661,0
58663,0
58668,0
58669,0
58674,0
58675,0
58677,0
58678,0
58688,0
58689,0
58691,0
58700,0
58703,0
58706,0
58707,0
58711,0
58713,0
58716,0
58718,0
58719,0
58720,0
58721,0
58723,0
58724,0
58727,0
58728,0
58731,0
58733,0
58735,0
58739,0
58740,0
58742,0
58744,0
58748,0
58750,0
58751,0
58754,0
58759,0
58760,0
58762,0
58763,0
58764,0
58765,0
58766,0
58771,0
58772,0
58775,0
58785,0
58786,0
58787,0
58788,0
58789,0
58791,0
58792,0
58793,0
58794,0
58798,0
58799,0
58800,0
58801,0
58803,0
58821,0
58822,0
58824,0
58832,0
58833,0
58836,0
58837,0
58841,0
58843,0
58844,0
58848,0
58855,0
58857,0
58858,0
58862,0
58863,0
58865,0
58867,0
58869,0
58872,0
58873,0
58876,0
58877,0
58878,0
58879,0
58880,0
58881,0
58883,0
58885,0
58891,0
58892,0
58893,0
58894,0
58896,0
58900,0
58906,0
58909,0
58910,0
58911,0
58914,0
58915,0
58917,0
58920,0
58924,0
58925,0
58926,0
58932,0
58937,0
58938,0
58939,0
58946,0
58947,0
58949,0
58950,0
58953,0
58955,0
58958,0
58960,0
58961,0
58965,0
58969,0
58971,0
58973,0
58977,0
58978,0
58979,0
58983,0
58984,0
58985,0
58986,0
58987,0
58988,0
58989,0
58991,0
58992,0
58995,0
58996,0
58998,0
59001,0
59002,0
59003,0
59007,0
59008,0
59009,0
59010,0
59014,0
59023,0
59026,0
59027,0
59029,0
59030,0
59037,0
59038,0
59040,0
59042,0
59044,0
59048,0
59049,0
59055,0
59057,0
59059,0
59064,0
59065,0
59066,0
59069,0
59074,0
59077,0
59078,0
59079,0
59080,0
59083,0
59085,0
59086,0
59088,0
59089,0
59090,0
59094,0
59096,0
59098,0
59099,0
59105,0
59107,0
59108,0
59111,0
59114,0
59119,0
59125,0
59126,0
59128,0
59129,0
59131,0
59132,0
59146,0
59148,0
59150,0
59151,0
59152,0
59154,0
59159,0
59160,0
59163,0
59165,0
59168,0
59173,0
59176,0
59178,0
59179,0
59180,0
59181,0
59184,0
59187,0
59189,0
59191,0
59194,0
59198,0
59199,0
59201,0
59205,0
59206,0
59208,0
59210,0
59216,0
59219,0
59221,0
59224,0
59225,0
59227,0
59230,0
59231,0
59232,0
59233,0
59240,0
59241,0
59247,0
59251,0
59252,0
59253,0
59254,0
59255,0
59258,0
59262,0
59263,0
59264,0
59266,0
59268,0
59269,0
59282,0
59283,0
59284,0
59285,0
59288,0
59292,0
59294,0
59299,0
59303,0
59304,0
59306,0
59309,0
59311,0
59312,0
59316,0
59318,0
59319,0
59320,0
59321,0
59322,0
59325,0
59326,0
59329,0
59330,0
59332,0
59334,0
59338,0
59342,0
59346,0
59347,0
59348,0
59349,0
59352,0
59354,0
59355,0
59356,0
59357,0
59360,0
59363,0
59364,0
59365,0
59366,0
59368,0
59369,0
59370,0
59373,0
59376,0
59382,0
59384,0
59385,0
59386,0
59388,0
59389,0
59395,0
59400,0
59401,0
59404,0
59415,0
59416,0
59417,0
59418,0
59420,0
59422,0
59423,0
59424,0
59425,0
59426,0
59430,0
59431,0
59432,0
59433,0
59435,0
59437,0
59439,0
59440,0
59444,0
59447,0
59451,0
59454,0
59457,0
59458,0
59465,0
59467,0
59469,0
59471,0
59475,0
59480,0
59482,0
59483,0
59485,0
59486,0
59489,0
59490,0
59492,0
59499,0
59503,0
59510,0
59512,0
59517,0
59518,0
59520,0
59521,0
59522,0
59525,0
59526,0
59527,0
59530,0
59534,0
59535,0
59537,0
59538,0
59546,0
59547,0
59549,0
59554,0
59560,0
59563,0
59564,0
59566,0
59568,0
59569,0
59571,0
59572,0
59573,0
59577,0
59579,0
59580,0
59581,0
59582,0
59587,0
59592,0
59595,0
59597,0
59600,0
59609,0
59612,0
59615,0
59616,0
59617,0
59618,0
59619,0
59621,0
59623,0
59626,0
59627,0
59629,0
59630,0
59631,0
59632,0
59635,0
59636,0
59639,0
59640,0
59641,0
59643,0
59644,0
59646,0
59648,0
59656,0
59658,0
59660,0
59661,0
59663,0
59666,0
59671,0
59674,0
59675,0
59676,0
59677,0
59679,0
59682,0
59689,0
59691,0
59692,0
59698,0
59706,0
59707,0
59713,0
59720,0
59729,0
59731,0
59732,0
59733,0
59736,0
59739,0
59740,0
59741,0
59743,0
59744,0
59745,0
59748,0
59750,0
59751,0
59753,0
59758,0
59760,0
59762,0
59766,0
59768,0
59774,0
59776,0
59777,0
59778,0
59781,0
59786,0
59788,0
59789,0
59794,0
59796,0
59797,0
59798,0
59800,0
59804,0
59806,0
59809,0
59812,0
59814,0
59816,0
59821,0
59825,0
59828,0
59830,0
59831,0
59836,0
59838,0
59840,0
59841,0
59844,0
59845,0
59847,0
59848,0
59850,0
59853,0
59855,0
59856,0
59857,0
59858,0
59861,0
59862,0
59865,0
59870,0
59878,0
59883,0
59884,0
59885,0
59886,0
59891,0
59894,0
59898,0
59902,0
59903,0
59906,0
59907,0
59908,0
59912,0
59913,0
59920,0
59923,0
59924,0
59925,0
59927,0
59930,0
59931,0
59936,0
59938,0
59939,0
59945,0
59947,0
59949,0
59951,0
59954,0
59955,0
59959,0
59960,0
59961,0
59964,0
59965,0
59966,0
59967,0
59976,0
59977,0
59978,0
59979,0
59984,0
59985,0
59986,0
59990,0
59992,0
59994,0
59997,0
59999,0
60000,0
60005,0
60014,0
60027,0
60029,0
60030,0
60032,0
60033,0
60035,0
60036,0
60038,0
60039,0
60040,0
60044,0
60045,0
60048,0
60054,0
60055,0
60058,0
60066,0
60071,0
60073,0
60075,0
60078,0
60080,0
60083,0
60089,0
60091,0
60093,0
60094,0
60095,0
60098,0
60100,0
60104,0
60106,0
60107,0
60110,0
60112,0
60117,0
60118,0
60122,0
60127,0
60131,0
60133,0
60134,0
60139,0
60140,0
60142,0
60143,0
60146,0
60152,0
60153,0
60154,0
60155,0
60158,0
60159,0
60165,0
60166,0
60167,0
60168,0
60170,0
60173,0
60176,0
60177,0
60185,0
60189,0
60190,0
60191,0
60193,0
60204,0
60207,0
60209,0
60210,0
60214,0
60216,0
60217,0
60218,0
60219,0
60220,0
60221,0
60222,0
60224,0
60225,0
60226,0
60231,0
60232,0
60234,0
60236,0
60237,0
60239,0
60244,0
60246,0
60253,0
60255,0
60256,0
60257,0
60260,0
60261,0
60262,0
60270,0
60273,0
60278,0
60281,0
60283,0
60284,0
60286,0
60287,0
60288,0
60289,0
60291,0
60292,0
60294,0
60301,0
60302,0
60303,0
60304,0
60305,0
60306,0
60309,0
60317,0
60318,0
60320,0
60324,0
60325,0
60329,0
60335,0
60338,0
60339,0
60340,0
60345,0
60349,0
60351,0
60355,0
60356,0
60357,0
60361,0
60362,0
60364,0
60367,0
60369,0
60370,0
60377,0
60379,0
60381,0
60383,0
60384,0
60386,0
60393,0
60395,0
60396,0
60397,0
60398,0
60399,0
60402,0
60404,0
60406,0
60409,0
60412,0
60415,0
60417,0
60418,0
60420,0
60427,0
60429,0
60432,0
60433,0
60435,0
60436,0
60437,0
60438,0
60439,0
60440,0
60442,0
60443,0
60449,0
60450,0
60451,0
60460,0
60464,0
60465,0
60467,0
60468,0
60475,0
60478,0
60480,0
60482,0
60484,0
60486,0
60492,0
60493,0
60494,0
60497,0
60498,0
60501,0
60504,0
60506,0
60510,0
60514,0
60516,0
60517,0
60519,0
60520,0
60521,0
60522,0
60523,0
60524,0
60525,0
60531,0
60532,0
60536,0
60537,0
60538,0
60539,0
60542,0
60544,0
60549,0
60551,0
60552,0
60554,0
60556,0
60557,0
60558,0
60560,0
60561,0
60563,0
60564,0
60565,0
60566,0
60568,0
60571,0
60573,0
60577,0
60578,0
60581,0
60582,0
60583,0
60585,0
60587,0
60588,0
60593,0
60596,0
60597,0
60598,0
60600,0
60603,0
60604,0
60608,0
60610,0
60612,0
60613,0
60614,0
60615,0
60616,0
60620,0
60621,0
60622,0
60623,0
60626,0
60631,0
60637,0
60639,0
60640,0
60641,0
60643,0
60644,0
60646,0
60647,0
60649,0
60652,0
60655,0
60658,0
60665,0
60667,0
60668,0
60669,0
60670,0
60671,0
60674,0
60675,0
60676,0
60677,0
60679,0
60686,0
60687,0
60688,0
60693,0
60694,0
60698,0
60700,0
60703,0
60706,0
60707,0
60712,0
60713,0
60714,0
60715,0
60717,0
60724,0
60726,0
60728,0
60734,0
60736,0
60737,0
60739,0
60740,0
60744,0
60748,0
60749,0
60750,0
60751,0
60756,0
60760,0
60763,0
60765,0
60766,0
60768,0
60769,0
60770,0
60771,0
60778,0
60780,0
60785,0
60790,0
60793,0
60794,0
60796,0
60798,0
60801,0
60803,0
60804,0
60810,0
60812,0
60820,0
60824,0
60829,0
60835,0
60836,0
60837,0
60838,0
60839,0
60841,0
60842,0
60843,0
60844,0
60845,0
60855,0
60856,0
60858,0
60863,0
60867,0
60868,0
60871,0
60873,0
60874,0
60875,0
60876,0
60877,0
60879,0
60881,0
60883,0
60884,0
60888,0
60890,0
60891,0
60895,0
60896,0
60899,0
60901,0
60903,0
60909,0
60916,0
60917,0
60922,0
60927,0
60929,0
60931,0
60937,0
60938,0
60941,0
60945,0
60946,0
60949,0
60950,0
60951,0
60955,0
60960,0
60962,0
60965,0
60968,0
60969,0
60973,0
60977,0
60984,0
60985,0
60986,0
60987,0
60989,0
60990,0
60992,0
60993,0
60994,0
61002,0
61003,0
61006,0
61008,0
61009,0
61012,0
61015,0
61016,0
61017,0
61018,0
61020,0
61026,0
61027,0
61030,0
61032,0
61033,0
61035,0
61036,0
61040,0
61045,0
61046,0
61051,0
61055,0
61056,0
61057,0
61059,0
61060,0
61061,0
61062,0
61064,0
61067,0
61073,0
61082,0
61084,0
61085,0
61088,0
61089,0
61092,0
61094,0
61097,0
61099,0
61103,0
61105,0
61108,0
61110,0
61111,0
61115,0
61120,0
61122,0
61125,0
61127,0
61133,0
61134,0
61136,0
61138,0
61140,0
61142,0
61145,0
61147,0
61149,0
61151,0
61153,0
61154,0
61155,0
61156,0
61161,0
61162,0
61168,0
61170,0
61171,0
61172,0
61180,0
61185,0
61187,0
61189,0
61190,0
61195,0
61197,0
61199,0
61201,0
61202,0
61204,0
61209,0
61210,0
61211,0
61214,0
61217,0
61218,0
61219,0
61222,0
61225,0
61229,0
61230,0
61232,0
61233,0
61236,0
61237,0
61243,0
61244,0
61251,0
61252,0
61256,0
61258,0
61268,0
61269,0
61272,0
61274,0
61275,0
61277,0
61279,0
61283,0
61285,0
61289,0
61291,0
61297,0
61298,0
61299,0
61300,0
61301,0
61303,0
61304,0
61308,0
61316,0
61317,0
61321,0
61322,0
61324,0
61325,0
61329,0
61330,0
61331,0
61332,0
61334,0
61335,0
61336,0
61337,0
61341,0
61342,0
61343,0
61345,0
61349,0
61350,0
61352,0
61353,0
61354,0
61355,0
61358,0
61361,0
61362,0
61364,0
61365,0
61369,0
61370,0
61372,0
61374,0
61378,0
61379,0
61380,0
61381,0
61384,0
61387,0
61392,0
61393,0
61397,0
61406,0
61409,0
61411,0
61412,0
61416,0
61418,0
61420,0
61421,0
61422,0
61423,0
61426,0
61434,0
61437,0
61440,0
61441,0
61443,0
61447,0
61448,0
61449,0
61453,0
61456,0
61458,0
61463,0
61467,0
61468,0
61471,0
61472,0
61475,0
61476,0
61477,0
61479,0
61480,0
61487,0
61489,0
61491,0
61496,0
61504,0
61506,0
61507,0
61509,0
61510,0
61517,0
61520,0
61524,0
61526,0
61528,0
61529,0
61531,0
61532,0
61537,0
61539,0
61540,0
61541,0
61542,0
61543,0
61546,0
61547,0
61550,0
61555,0
61556,0
61558,0
61562,0
61568,0
61569,0
61570,0
61571,0
61573,0
61582,0
61585,0
61586,0
61589,0
61592,0
61594,0
61597,0
61601,0
61603,0
61604,0
61605,0
61606,0
61608,0
61609,0
61610,0
61615,0
61617,0
61619,0
61620,0
61621,0
61623,0
61624,0
61629,0
61634,0
61638,0
61639,0
61642,0
61643,0
61644,0
61647,0
61649,0
61650,0
61651,0
61652,0
61657,0
61659,0
61660,0
61664,0
61665,0
61667,0
61669,0
61670,0
61681,0
61682,0
61684,0
61688,0
61689,0
61691,0
61692,0
61694,0
61698,0
61699,0
61701,0
61704,0
61706,0
61708,0
61709,0
61713,0
61721,0
61723,0
61725,0
61726,0
61729,0
61732,0
61737,0
61742,0
61744,0
61745,0
61747,0
61755,0
61763,0
61764,0
61767,0
61768,0
61771,0
61773,0
61776,0
61777,0
61779,0
61780,0
61781,0
61791,0
61796,0
61801,0
61803,0
61806,0
61807,0
61808,0
61809,0
61810,0
61811,0
61812,0
61813,0
61814,0
61817,0
61818,0
61820,0
61821,0
61822,0
61826,0
61828,0
61829,0
61832,0
61834,0
61836,0
61838,0
61841,0
61842,0
61843,0
61844,0
61845,0
61853,0
61854,0
61858,0
61859,0
61860,0
61861,0
61863,0
61865,0
61866,0
61867,0
61868,0
61871,0
61872,0
61873,0
61874,0
61879,0
61883,0
61885,0
61888,0
61891,0
61894,0
61895,0
61896,0
61900,0
61903,0
61905,0
61906,0
61907,0
61909,0
61912,0
61913,0
61914,0
61920,0
61922,0
61924,0
61927,0
61928,0
61929,0
61930,0
61939,0
61940,0
61945,0
61946,0
61947,0
61948,0
61954,0
61955,0
61958,0
61960,0
61961,0
61965,0
61968,0
61971,0
61974,0
61975,0
61979,0
61980,0
61981,0
61985,0
61986,0
61990,0
61994,0
61996,0
61997,0
62008,0
62010,0
62011,0
62013,0
62018,0
62024,0
62027,0
62028,0
62032,0
62036,0
62039,0
62040,0
62041,0
62045,0
62047,0
62053,0
62054,0
62055,0
62056,0
62062,0
62064,0
62065,0
62068,0
62070,0
62073,0
62074,0
62076,0
62080,0
62081,0
62082,0
62083,0
62084,0
62085,0
62087,0
62090,0
62092,0
62097,0
62100,0
62104,0
62112,0
62113,0
62114,0
62115,0
62120,0
62121,0
62123,0
62124,0
62125,0
62126,0
62127,0
62129,0
62131,0
62133,0
62134,0
62135,0
62140,0
62142,0
62143,0
62144,0
62145,0
62148,0
62152,0
62156,0
62160,0
62162,0
62169,0
62171,0
62174,0
62181,0
62183,0
62186,0
62187,0
62190,0
62192,0
62200,0
62206,0
62207,0
62212,0
62215,0
62224,0
62225,0
62226,0
62230,0
62233,0
62234,0
62235,0
62236,0
62238,0
62240,0
62241,0
62245,0
62249,0
62251,0
62253,0
62258,0
62260,0
62261,0
62262,0
62263,0
62266,0
62271,0
62273,0
62274,0
62275,0
62276,0
62279,0
62280,0
62282,0
62286,0
62294,0
62296,0
62297,0
62299,0
62300,0
62301,0
62303,0
62305,0
62306,0
62316,0
62319,0
62320,0
62322,0
62323,0
62324,0
62325,0
62330,0
62331,0
62332,0
62336,0
62337,0
62338,0
62349,0
62351,0
62354,0
62355,0
62356,0
62358,0
62361,0
62363,0
62366,0
62367,0
62368,0
62369,0
62372,0
62374,0
62376,0
62379,0
62383,0
62386,0
62390,0
62394,0
62395,0
62397,0
62399,0
62402,0
62403,0
62406,0
62412,0
62414,0
62418,0
62423,0
62430,0
62433,0
62434,0
62435,0
62441,0
62442,0
62444,0
62446,0
62447,0
62459,0
62464,0
62467,0
62468,0
62469,0
62470,0
62474,0
62478,0
62480,0
62481,0
62482,0
62488,0
62489,0
62490,0
62491,0
62492,0
62493,0
62495,0
62496,0
62498,0
62500,0
62503,0
62504,0
62506,0
62507,0
62509,0
62510,0
62512,0
62513,0
62516,0
62519,0
62520,0
62524,0
62525,0
62529,0
62530,0
62538,0
62539,0
62541,0
62543,0
62545,0
62548,0
62549,0
62551,0
62552,0
62557,0
62558,0
62562,0
62566,0
62568,0
62569,0
62570,0
62573,0
62574,0
62575,0
62581,0
62583,0
62586,0
62587,0
62592,0
62593,0
62596,0
62598,0
62602,0
62604,0
62605,0
62607,0
62609,0
62611,0
62613,0
62621,0
62624,0
62625,0
62626,0
62627,0
62636,0
62637,0
62638,0
62639,0
62640,0
62644,0
62646,0
62648,0
62653,0
62654,0
62657,0
62663,0
62665,0
62668,0
62669,0
62673,0
62675,0
62677,0
62680,0
62681,0
62684,0
62685,0
62686,0
62689,0
62690,0
62691,0
62692,0
62693,0
62694,0
62696,0
62697,0
62698,0
62705,0
62707,0
62708,0
62709,0
62713,0
62715,0
62717,0
62719,0
62720,0
62725,0
62728,0
62729,0
62732,0
62735,0
62737,0
62738,0
62741,0
62744,0
62747,0
62748,0
62749,0
62756,0
62760,0
62761,0
62762,0
62763,0
62768,0
62778,0
62779,0
62780,0
62784,0
62786,0
62787,0
62789,0
62790,0
62792,0
62797,0
62800,0
62803,0
62805,0
62808,0
62812,0
62815,0
62816,0
62825,0
62826,0
62827,0
62829,0
62831,0
62832,0
62834,0
62835,0
62838,0
62841,0
62847,0
62850,0
62851,0
62853,0
62854,0
62855,0
62856,0
62857,0
62859,0
62860,0
62866,0
62869,0
62872,0
62874,0
62875,0
62876,0
62878,0
62879,0
62880,0
62881,0
62882,0
62883,0
62887,0
62890,0
62891,0
62892,0
62895,0
62896,0
62899,0
62900,0
62903,0
62904,0
62905,0
62908,0
62909,0
62912,0
62914,0
62922,0
62924,0
62926,0
62927,0
62936,0
62939,0
62942,0
62943,0
62946,0
62947,0
62949,0
62950,0
62954,0
62955,0
62956,0
62957,0
62958,0
62961,0
62963,0
62965,0
62966,0
62967,0
62969,0
62970,0
62973,0
62975,0
62976,0
62979,0
62983,0
62985,0
62992,0
62993,0
63001,0
63002,0
63003,0
63004,0
63005,0
63006,0
63007,0
63011,0
63014,0
63021,0
63023,0
63026,0
63028,0
63029,0
63031,0
63032,0
63034,0
63040,0
63041,0
63042,0
63043,0
63044,0
63045,0
63049,0
63054,0
63058,0
63062,0
63065,0
63069,0
63074,0
63079,0
63080,0
63081,0
63082,0
63083,0
63088,0
63091,0
63092,0
63095,0
63096,0
63100,0
63101,0
63104,0
63105,0
63108,0
63110,0
63116,0
63121,0
63122,0
63124,0
63128,0
63129,0
63133,0
63136,0
63140,0
63144,0
63147,0
63148,0
63151,0
63157,0
63160,0
63161,0
63162,0
63178,0
63180,0
63184,0
63185,0
63187,0
63188,0
63189,0
63190,0
63193,0
63194,0
63195,0
63196,0
63197,0
63204,0
63208,0
63212,0
63222,0
63224,0
63226,0
63230,0
63232,0
63235,0
63239,0
63242,0
63243,0
63246,0
63250,0
63251,0
63252,0
63256,0
63259,0
63260,0
63263,0
63264,0
63266,0
63268,0
63269,0
63270,0
63271,0
63273,0
63274,0
63276,0
63279,0
63280,0
63281,0
63284,0
63286,0
63289,0
63290,0
63293,0
63296,0
63298,0
63299,0
63304,0
63305,0
63306,0
63312,0
63317,0
63319,0
63321,0
63327,0
63328,0
63332,0
63333,0
63337,0
63338,0
63340,0
63341,0
63342,0
63344,0
63348,0
63350,0
63361,0
63362,0
63363,0
63366,0
63368,0
63372,0
63373,0
63376,0
63377,0
63378,0
63379,0
63380,0
63382,0
63384,0
63385,0
63388,0
63390,0
63391,0
63395,0
63396,0
63397,0
63402,0
63407,0
63409,0
63412,0
63413,0
63415,0
63417,0
63418,0
63420,0
63421,0
63423,0
63428,0
63430,0
63432,0
63434,0
63435,0
63436,0
63438,0
63440,0
63444,0
63445,0
63446,0
63447,0
63448,0
63452,0
63456,0
63460,0
63461,0
63463,0
63467,0
63468,0
63470,0
63471,0
63472,0
63479,0
63481,0
63483,0
63488,0
63489,0
63491,0
63492,0
63493,0
63495,0
63498,0
63502,0
63503,0
63504,0
63506,0
63508,0
63511,0
63512,0
63522,0
63524,0
63526,0
63527,0
63528,0
63531,0
63533,0
63534,0
63536,0
63542,0
63545,0
63546,0
63547,0
63550,0
63554,0
63562,0
63563,0
63564,0
63565,0
63566,0
63571,0
63576,0
63578,0
63579,0
63580,0
63586,0
63587,0
63588,0
63597,0
63598,0
63599,0
63602,0
63604,0
63605,0
63607,0
63616,0
63619,0
63622,0
63627,0
63632,0
63639,0
63642,0
63643,0
63650,0
63653,0
63659,0
63660,0
63664,0
63665,0
63666,0
63667,0
63670,0
63672,0
63680,0
63683,0
63687,0
63688,0
63689,0
63691,0
63693,0
63694,0
63695,0
63696,0
63699,0
63701,0
63702,0
63703,0
63704,0
63706,0
63711,0
63713,0
63714,0
63715,0
63716,0
63720,0
63722,0
63724,0
63726,0
63730,0
63731,0
63732,0
63735,0
63738,0
63742,0
63743,0
63749,0
63752,0
63753,0
63754,0
63755,0
63756,0
63757,0
63760,0
63764,0
63765,0
63770,0
63775,0
63783,0
63784,0
63785,0
63791,0
63794,0
63797,0
63800,0
63813,0
63815,0
63820,0
63824,0
63830,0
63831,0
63835,0
63836,0
63841,0
63842,0
63846,0
63850,0
63852,0
63853,0
63856,0
63857,0
63859,0
63865,0
63867,0
63870,0
63875,0
63876,0
63879,0
63880,0
63891,0
63894,0
63896,0
63898,0
63900,0
63906,0
63907,0
63909,0
63911,0
63914,0
63921,0
63924,0
63928,0
63931,0
63934,0
63935,0
63937,0
63941,0
63946,0
63949,0
63950,0
63953,0
63965,0
63971,0
63973,0
63975,0
63977,0
63982,0
63984,0
63991,0
63997,0
64003,0
64007,0
64009,0
64010,0
64014,0
64015,0
64018,0
64023,0
64024,0
64027,0
64032,0
64037,0
64041,0
64043,0
64051,0
64054,0
64056,0
64062,0
64069,0
64070,0
64071,0
64074,0
64075,0
64077,0
64084,0
64085,0
64087,0
64088,0
64091,0
64094,0
64096,0
64097,0
64102,0
64103,0
64105,0
64107,0
64108,0
64112,0
64114,0
64116,0
64117,0
64119,0
64125,0
64127,0
64129,0
64130,0
64131,0
64132,0
64133,0
64134,0
64135,0
64140,0
64141,0
64144,0
64146,0
64148,0
64152,0
64153,0
64155,0
64156,0
64162,0
64163,0
64166,0
64167,0
64171,0
64175,0
64177,0
64181,0
64184,0
64185,0
64186,0
64187,0
64190,0
64193,0
64197,0
64199,0
64203,0
64204,0
64206,0
64207,0
64210,0
64212,0
64214,0
64215,0
64216,0
64217,0
64220,0
64222,0
64223,0
64225,0
64226,0
64230,0
64231,0
64236,0
64240,0
64241,0
64242,0
64245,0
64255,0
64256,0
64257,0
64261,0
64264,0
64265,0
64266,0
64269,0
64271,0
64273,0
64274,0
64275,0
64276,0
64277,0
64282,0
64284,0
64285,0
64288,0
64291,0
64292,0
64293,0
64298,0
64300,0
64304,0
64305,0
64306,0
64307,0
64309,0
64310,0
64311,0
64313,0
64314,0
64315,0
64316,0
64319,0
64323,0
64324,0
64325,0
64327,0
64328,0
64329,0
64331,0
64332,0
64333,0
64334,0
64335,0
64336,0
64337,0
64338,0
64339,0
64343,0
64345,0
64348,0
64350,0
64353,0
64356,0
64359,0
64360,0
64370,0
64371,0
64374,0
64375,0
64379,0
64381,0
64384,0
64390,0
64395,0
64397,0
64398,0
64402,0
64405,0
64408,0
64409,0
64411,0
64413,0
64417,0
64419,0
64420,0
64425,0
64426,0
64431,0
64436,0
64439,0
64441,0
64443,0
64444,0
64448,0
64457,0
64464,0
64465,0
64469,0
64472,0
64473,0
64474,0
64476,0
64479,0
64482,0
64483,0
64485,0
64490,0
64491,0
64495,0
64497,0
64498,0
64502,0
64504,0
64505,0
64507,0
64509,0
64512,0
64518,0
64522,0
64523,0
64524,0
64525,0
64526,0
64529,0
64531,0
64532,0
64534,0
64536,0
64537,0
64538,0
64539,0
64540,0
64541,0
64543,0
64546,0
64547,0
64548,0
64552,0
64553,0
64554,0
64559,0
64560,0
64561,0
64562,0
64563,0
64565,0
64568,0
64569,0
64570,0
64575,0
64576,0
64579,0
64587,0
64588,0
64589,0
64592,0
64594,0
64595,0
64596,0
64598,0
64601,0
64604,0
64607,0
64610,0
64611,0
64618,0
64619,0
64620,0
64621,0
64622,0
64624,0
64630,0
64633,0
64634,0
64636,0
64639,0
64642,0
64648,0
64651,0
64656,0
64657,0
64659,0
64660,0
64661,0
64663,0
64669,0
64671,0
64678,0
64679,0
64681,0
64682,0
64684,0
64687,0
64689,0
64690,0
64692,0
64695,0
64696,0
64700,0
64707,0
64714,0
64716,0
64718,0
64719,0
64720,0
64721,0
64722,0
64725,0
64726,0
64727,0
64728,0
64729,0
64731,0
64735,0
64736,0
64739,0
64740,0
64743,0
64755,0
64759,0
64760,0
64761,0
64762,0
64763,0
64767,0
64770,0
64771,0
64774,0
64776,0
64777,0
64779,0
64782,0
64783,0
64784,0
64791,0
64792,0
64797,0
64798,0
64801,0
64802,0
64804,0
64807,0
64808,0
64810,0
64811,0
64812,0
64813,0
64814,0
64817,0
64818,0
64824,0
64825,0
64826,0
64827,0
64828,0
64830,0
64832,0
64833,0
64838,0
64840,0
64841,0
64842,0
64843,0
64844,0
64846,0
64853,0
64855,0
64856,0
64857,0
64858,0
64861,0
64862,0
64864,0
64867,0
64869,0
64870,0
64873,0
64875,0
64876,0
64878,0
64880,0
64881,0
64884,0
64885,0
64888,0
64893,0
64894,0
64900,0
64902,0
64906,0
64908,0
64909,0
64910,0
64913,0
64915,0
64916,0
64922,0
64926,0
64928,0
64929,0
64931,0
64934,0
64935,0
64939,0
64942,0
64944,0
64948,0
64949,0
64950,0
64952,0
64953,0
64954,0
64955,0
64956,0
64962,0
64970,0
64979,0
64980,0
64982,0
64983,0
64986,0
64987,0
64988,0
64989,0
64991,0
64994,0
64995,0
64997,0
64998,0
65003,0
65005,0
65009,0
65014,0
65018,0
65023,0
65027,0
65030,0
65031,0
65032,0
65033,0
65034,0
65035,0
65036,0
65038,0
65040,0
65042,0
65046,0
65050,0
65054,0
65058,0
65060,0
65061,0
65062,0
65066,0
65075,0
65079,0
65082,0
65083,0
65084,0
65092,0
65094,0
65095,0
65096,0
65097,0
65101,0
65103,0
65104,0
65107,0
65108,0
65109,0
65112,0
65113,0
65114,0
65115,0
65119,0
65123,0
65124,0
65127,0
65129,0
65132,0
65134,0
65139,0
65145,0
65148,0
65150,0
65154,0
65157,0
65158,0
65159,0
65160,0
65168,0
65169,0
65170,0
65173,0
65175,0
65179,0
65180,0
65182,0
65183,0
65184,0
65189,0
65196,0
65197,0
65198,0
65200,0
65202,0
65208,0
65210,0
65214,0
65216,0
65217,0
65218,0
65220,0
65225,0
65226,0
65227,0
65228,0
65230,0
65233,0
65235,0
65236,0
65238,0
65242,0
65244,0
65246,0
65251,0
65253,0
65254,0
65259,0
65260,0
65262,0
65264,0
65267,0
65268,0
65270,0
65272,0
65274,0
65276,0
65277,0
65278,0
65286,0
65287,0
65288,0
65289,0
65292,0
65294,0
65296,0
65299,0
65303,0
65309,0
65313,0
65314,0
65315,0
65318,0
65327,0
65329,0
65330,0
65333,0
65334,0
65335,0
65336,0
65337,0
65339,0
65340,0
65343,0
65344,0
65346,0
65347,0
65348,0
65350,0
65356,0
65360,0
65363,0
65366,0
65367,0
65371,0
65375,0
65377,0
65378,0
65382,0
65388,0
65392,0
65393,0
65396,0
65398,0
65399,0
65400,0
65401,0
65404,0
65405,0
65409,0
65411,0
65416,0
65422,0
65423,0
65424,0
65425,0
65426,0
65428,0
65429,0
65431,0
65436,0
65437,0
65440,0
65446,0
65448,0
65449,0
65453,0
65455,0
65458,0
65462,0
65465,0
65469,0
65474,0
65479,0
65480,0
65481,0
65482,0
65483,0
65487,0
65490,0
65493,0
65500,0
65503,0
65507,0
65508,0
65509,0
65510,0
65512,0
65515,0
65516,0
65520,0
65521,0
65527,0
65528,0
65530,0
65531,0
65534,0
65537,0
65540,0
65541,0
65542,0
65545,0
65546,0
65549,0
65551,0
65552,0
65556,0
65560,0
65561,0
65563,0
65565,0
65572,0
65575,0
65576,0
65578,0
65590,0
65592,0
65596,0
65601,0
65602,0
65605,0
65606,0
65608,0
65609,0
65612,0
65614,0
65615,0
65616,0
65617,0
65620,0
65622,0
65623,0
65624,0
65628,0
65630,0
65634,0
65635,0
65638,0
65639,0
65640,0
65645,0
65652,0
65654,0
65664,0
65665,0
65670,0
65671,0
65674,0
65675,0
65677,0
65678,0
65682,0
65688,0
65694,0
65697,0
65698,0
65699,0
65701,0
65702,0
65706,0
65707,0
65709,0
65711,0
65712,0
65714,0
65715,0
65717,0
65718,0
65720,0
65721,0
65724,0
65726,0
65729,0
65734,0
65735,0
65740,0
65741,0
65742,0
65743,0
65745,0
65746,0
65749,0
65754,0
65755,0
65756,0
65759,0
65761,0
65762,0
65766,0
65768,0
65769,0
65771,0
65772,0
65773,0
65774,0
65775,0
65776,0
65778,0
65784,0
65786,0
65787,0
65788,0
65792,0
65793,0
65798,0
65801,0
65805,0
65806,0
65814,0
65816,0
65819,0
65820,0
65824,0
65826,0
65827,0
65828,0
65833,0
65835,0
65836,0
65839,0
65840,0
65842,0
65847,0
65852,0
65858,0
65861,0
65862,0
65863,0
65864,0
65867,0
65870,0
65874,0
65878,0
65885,0
65887,0
65891,0
65900,0
65902,0
65905,0
65909,0
65917,0
65918,0
65920,0
65922,0
65924,0
65926,0
65928,0
65930,0
65936,0
65939,0
65942,0
65944,0
65945,0
65946,0
65947,0
65948,0
65951,0
65952,0
65956,0
65960,0
65961,0
65962,0
65963,0
65965,0
65966,0
65970,0
65976,0
65979,0
65981,0
65983,0
65986,0
65987,0
65988,0
65989,0
65994,0
65997,0
66001,0
66004,0
66005,0
66008,0
66009,0
66015,0
66021,0
66022,0
66023,0
66024,0
66025,0
66029,0
66032,0
66034,0
66035,0
66036,0
66039,0
66041,0
66042,0
66046,0
66052,0
66054,0
66056,0
66061,0
66063,0
66068,0
66069,0
66070,0
66071,0
66076,0
66083,0
66084,0
66085,0
66086,0
66091,0
66093,0
66094,0
66095,0
66104,0
66108,0
66111,0
66112,0
66113,0
66115,0
66117,0
66118,0
66120,0
66122,0
66127,0
66130,0
66131,0
66135,0
66140,0
66142,0
66144,0
66145,0
66147,0
66148,0
66154,0
66160,0
66163,0
66164,0
66165,0
66166,0
66171,0
66172,0
66173,0
66175,0
66176,0
66178,0
66179,0
66181,0
66182,0
66183,0
66184,0
66185,0
66188,0
66192,0
66195,0
66196,0
66198,0
66199,0
66203,0
66205,0
66209,0
66210,0
66213,0
66214,0
66216,0
66218,0
66226,0
66231,0
66238,0
66239,0
66240,0
66245,0
66247,0
66249,0
66250,0
66253,0
66255,0
66258,0
66259,0
66260,0
66265,0
66266,0
66267,0
66268,0
66270,0
66271,0
66273,0
66275,0
66277,0
66280,0
66291,0
66293,0
66296,0
66301,0
66304,0
66306,0
66310,0
66312,0
66320,0
66322,0
66324,0
66326,0
66327,0
66330,0
66331,0
66334,0
66337,0
66339,0
66341,0
66345,0
66352,0
66353,0
66358,0
66359,0
66360,0
66361,0
66364,0
66365,0
66366,0
66368,0
66370,0
66372,0
66373,0
66375,0
66376,0
66379,0
66383,0
66384,0
66388,0
66389,0
66390,0
66393,0
66396,0
66397,0
66398,0
66403,0
66406,0
66408,0
66413,0
66415,0
66416,0
66417,0
66418,0
66421,0
66423,0
66424,0
66425,0
66427,0
66429,0
66432,0
66433,0
66436,0
66437,0
66441,0
66447,0
66448,0
66457,0
66459,0
66461,0
66465,0
66466,0
66470,0
66471,0
66473,0
66474,0
66481,0
66483,0
66485,0
66487,0
66494,0
66495,0
66498,0
66500,0
66501,0
66503,0
66504,0
66505,0
66511,0
66512,0
66515,0
66519,0
66522,0
66523,0
66527,0
66532,0
66537,0
66545,0
66560,0
66561,0
66565,0
66566,0
66573,0
66576,0
66578,0
66582,0
66583,0
66586,0
66587,0
66589,0
66594,0
66598,0
66601,0
66602,0
66604,0
66605,0
66606,0
66608,0
66609,0
66612,0
66613,0
66614,0
66617,0
66621,0
66622,0
66623,0
66627,0
66628,0
66629,0
66634,0
66639,0
66641,0
66642,0
66648,0
66649,0
66655,0
66656,0
66659,0
66662,0
66665,0
66666,0
66669,0
66677,0
66678,0
66679,0
66680,0
66681,0
66682,0
66686,0
66692,0
66695,0
66696,0
66699,0
66707,0
66708,0
66711,0
66713,0
66719,0
66722,0
66728,0
66729,0
66730,0
66732,0
66734,0
66736,0
66740,0
66742,0
66746,0
66750,0
66756,0
66757,0
66758,0
66760,0
66764,0
66770,0
66771,0
66773,0
66775,0
66776,0
66778,0
66779,0
66780,0
66781,0
66784,0
66785,0
66791,0
66794,0
66795,0
66796,0
66799,0
66800,0
66806,0
66808,0
66811,0
66812,0
66814,0
66815,0
66822,0
66824,0
66825,0
66829,0
66830,0
66831,0
66832,0
66835,0
66836,0
66837,0
66840,0
66841,0
66842,0
66843,0
66846,0
66849,0
66853,0
66854,0
66856,0
66858,0
66859,0
66863,0
66864,0
66866,0
66870,0
66874,0
66875,0
66877,0
66879,0
66881,0
66883,0
66884,0
66892,0
66897,0
66900,0
66903,0
66907,0
66911,0
66913,0
66916,0
66922,0
66923,0
66927,0
66932,0
66937,0
66939,0
66940,0
66944,0
66945,0
66946,0
66948,0
66952,0
66953,0
66954,0
66955,0
66956,0
66957,0
66960,0
66966,0
66967,0
66970,0
66971,0
66972,0
66976,0
66981,0
66982,0
66983,0
66984,0
66985,0
66986,0
66988,0
66990,0
66991,0
66993,0
66994,0
66996,0
67000,0
67004,0
67006,0
67008,0
67009,0
67010,0
67011,0
67012,0
67015,0
67018,0
67019,0
67020,0
67021,0
67024,0
67030,0
67034,0
67035,0
67036,0
67037,0
67038,0
67041,0
67049,0
67051,0
67053,0
67054,0
67055,0
67056,0
67057,0
67058,0
67059,0
67060,0
67063,0
67064,0
67065,0
67066,0
67070,0
67072,0
67073,0
67075,0
67076,0
67079,0
67080,0
67083,0
67085,0
67092,0
67097,0
67098,0
67101,0
67104,0
67105,0
67106,0
67108,0
67110,0
67113,0
67114,0
67117,0
67119,0
67121,0
67128,0
67130,0
67132,0
67133,0
67134,0
67135,0
67137,0
67143,0
67145,0
67147,0
67150,0
67152,0
67155,0
67156,0
67159,0
67162,0
67164,0
67165,0
67170,0
67171,0
67173,0
67174,0
67179,0
67183,0
67185,0
67186,0
67189,0
67191,0
67192,0
67194,0
67197,0
67205,0
67206,0
67211,0
67213,0
67225,0
67230,0
67231,0
67234,0
67235,0
67237,0
67245,0
67248,0
67251,0
67254,0
67255,0
67259,0
67260,0
67262,0
67265,0
67266,0
67269,0
67270,0
67272,0
67274,0
67277,0
67278,0
67281,0
67282,0
67289,0
67291,0
67293,0
67296,0
67298,0
67302,0
67307,0
67308,0
67311,0
67312,0
67314,0
67315,0
67316,0
67317,0
67318,0
67323,0
67325,0
67326,0
67328,0
67337,0
67342,0
67343,0
67347,0
67349,0
67350,0
67351,0
67352,0
67357,0
67358,0
67359,0
67366,0
67369,0
67371,0
67373,0
67378,0
67379,0
67382,0
67383,0
67384,0
67385,0
67386,0
67387,0
67389,0
67390,0
67392,0
67394,0
67397,0
67399,0
67406,0
67407,0
67410,0
67411,0
67413,0
67418,0
67419,0
67425,0
67427,0
67435,0
67437,0
67442,0
67443,0
67444,0
67446,0
67447,0
67449,0
67453,0
67455,0
67462,0
67463,0
67465,0
67478,0
67479,0
67482,0
67486,0
67488,0
67491,0
67492,0
67497,0
67498,0
67499,0
67503,0
67505,0
67514,0
67516,0
67517,0
67518,0
67520,0
67523,0
67526,0
67527,0
67528,0
67532,0
67534,0
67545,0
67547,0
67548,0
67552,0
67555,0
67558,0
67559,0
67561,0
67565,0
67569,0
67572,0
67574,0
67576,0
67582,0
67587,0
67591,0
67594,0
67595,0
67596,0
67599,0
67600,0
67602,0
67604,0
67605,0
67611,0
67616,0
67619,0
67622,0
67625,0
67626,0
67629,0
67631,0
67637,0
67639,0
67640,0
67642,0
67643,0
67644,0
67649,0
67652,0
67656,0
67657,0
67663,0
67664,0
67666,0
67667,0
67670,0
67672,0
67673,0
67675,0
67676,0
67679,0
67680,0
67683,0
67684,0
67688,0
67691,0
67694,0
67698,0
67700,0
67701,0
67705,0
67712,0
67715,0
67718,0
67722,0
67723,0
67727,0
67728,0
67731,0
67732,0
67735,0
67736,0
67737,0
67739,0
67740,0
67742,0
67743,0
67744,0
67745,0
67749,0
67751,0
67756,0
67757,0
67760,0
67763,0
67764,0
67769,0
67775,0
67778,0
67779,0
67781,0
67782,0
67783,0
67784,0
67787,0
67788,0
67789,0
67791,0
67793,0
67795,0
67799,0
67800,0
67803,0
67810,0
67813,0
67814,0
67815,0
67817,0
67820,0
67821,0
67823,0
67829,0
67830,0
67831,0
67839,0
67843,0
67846,0
67847,0
67848,0
67849,0
67850,0
67851,0
67855,0
67859,0
67865,0
67867,0
67868,0
67870,0
67875,0
67887,0
67889,0
67890,0
67892,0
67893,0
67895,0
67896,0
67899,0
67903,0
67905,0
67910,0
67916,0
67917,0
67921,0
67924,0
67925,0
67927,0
67933,0
67934,0
67937,0
67939,0
67940,0
67950,0
67953,0
67959,0
67960,0
67963,0
67964,0
67965,0
67967,0
67972,0
67973,0
67981,0
67982,0
67983,0
67985,0
67989,0
68003,0
68008,0
68013,0
68014,0
68016,0
68017,0
68018,0
68019,0
68022,0
68026,0
68027,0
68029,0
68030,0
68035,0
68037,0
68038,0
68041,0
68050,0
68060,0
68062,0
68064,0
68065,0
68067,0
68070,0
68071,0
68072,0
68077,0
68078,0
68084,0
68086,0
68090,0
68091,0
68092,0
68096,0
68101,0
68102,0
68116,0
68117,0
68118,0
68119,0
68121,0
68122,0
68125,0
68127,0
68128,0
68130,0
68131,0
68135,0
68138,0
68140,0
68143,0
68144,0
68146,0
68148,0
68150,0
68155,0
68157,0
68162,0
68166,0
68168,0
68172,0
68178,0
68180,0
68181,0
68184,0
68187,0
68188,0
68195,0
68198,0
68201,0
68202,0
68208,0
68212,0
68213,0
68214,0
68215,0
68216,0
68219,0
68222,0
68225,0
68230,0
68231,0
68232,0
68235,0
68236,0
68238,0
68243,0
68244,0
68248,0
68254,0
68259,0
68260,0
68269,0
68270,0
68274,0
68280,0
68284,0
68289,0
68290,0
68291,0
68293,0
68295,0
68297,0
68299,0
68300,0
68301,0
68302,0
68303,0
68308,0
68309,0
68313,0
68314,0
68316,0
68317,0
68321,0
68324,0
68325,0
68327,0
68341,0
68344,0
68347,0
68349,0
68350,0
68352,0
68353,0
68355,0
68356,0
68357,0
68360,0
68364,0
68365,0
68368,0
68369,0
68371,0
68372,0
68373,0
68377,0
68378,0
68379,0
68382,0
68384,0
68386,0
68387,0
68389,0
68396,0
68400,0
68401,0
68402,0
68404,0
68405,0
68406,0
68410,0
68411,0
68416,0
68418,0
68423,0
68427,0
68428,0
68429,0
68430,0
68433,0
68436,0
68437,0
68443,0
68445,0
68447,0
68450,0
68453,0
68454,0
68455,0
68457,0
68458,0
68460,0
68461,0
68464,0
68468,0
68469,0
68470,0
68471,0
68474,0
68475,0
68476,0
68479,0
68480,0
68483,0
68487,0
68493,0
68496,0
68497,0
68501,0
68503,0
68504,0
68507,0
68508,0
68513,0
68514,0
68525,0
68528,0
68529,0
68530,0
68531,0
68533,0
68537,0
68538,0
68539,0
68541,0
68542,0
68543,0
68548,0
68549,0
68552,0
68554,0
68555,0
68557,0
68560,0
68561,0
68562,0
68563,0
68566,0
68567,0
68569,0
68571,0
68575,0
68578,0
68580,0
68582,0
68584,0
68588,0
68590,0
68591,0
68592,0
68594,0
68596,0
68599,0
68600,0
68601,0
68602,0
68604,0
68607,0
68609,0
68612,0
68618,0
68619,0
68621,0
68622,0
68623,0
68624,0
68625,0
68628,0
68640,0
68644,0
68648,0
68650,0
68656,0
68658,0
68661,0
68662,0
68666,0
68669,0
68670,0
68671,0
68672,0
68673,0
68677,0
68679,0
68682,0
68686,0
68687,0
68690,0
68691,0
68692,0
68696,0
68697,0
68700,0
68702,0
68705,0
68706,0
68707,0
68708,0
68711,0
68714,0
68718,0
68719,0
68720,0
68722,0
68723,0
68729,0
68731,0
68734,0
68736,0
68742,0
68743,0
68748,0
68750,0
68751,0
68752,0
68753,0
68754,0
68756,0
68758,0
68759,0
68764,0
68765,0
68771,0
68779,0
68780,0
68783,0
68784,0
68787,0
68789,0
68790,0
68793,0
68796,0
68797,0
68804,0
68806,0
68807,0
68812,0
68816,0
68818,0
68820,0
68822,0
68824,0
68828,0
68829,0
68832,0
68833,0
68836,0
68843,0
68844,0
68847,0
68850,0
68856,0
68857,0
68862,0
68864,0
68866,0
68872,0
68873,0
68874,0
68878,0
68879,0
68880,0
68881,0
68883,0
68884,0
68885,0
68890,0
68891,0
68893,0
68898,0
68899,0
68902,0
68904,0
68906,0
68907,0
68910,0
68917,0
68922,0
68924,0
68934,0
68935,0
68936,0
68937,0
68939,0
68942,0
68943,0
68944,0
68947,0
68951,0
68954,0
68958,0
68962,0
68963,0
68964,0
68966,0
68967,0
68970,0
68971,0
68974,0
68980,0
68984,0
68985,0
68986,0
68989,0
68990,0
68992,0
68995,0
69000,0
69002,0
69003,0
69008,0
69010,0
69011,0
69013,0
69015,0
69016,0
69021,0
69024,0
69025,0
69028,0
69029,0
69031,0
69032,0
69034,0
69036,0
69037,0
69039,0
69041,0
69043,0
69044,0
69049,0
69053,0
69054,0
69055,0
69056,0
69059,0
69061,0
69064,0
69067,0
69073,0
69074,0
69078,0
69079,0
69082,0
69085,0
69086,0
69088,0
69089,0
69093,0
69095,0
69098,0
69099,0
69100,0
69101,0
69107,0
69111,0
69114,0
69117,0
69121,0
69122,0
69123,0
69125,0
69126,0
69132,0
69133,0
69135,0
69145,0
69148,0
69150,0
69151,0
69154,0
69155,0
69161,0
69163,0
69164,0
69166,0
69167,0
69170,0
69172,0
69176,0
69181,0
69184,0
69185,0
69192,0
69194,0
69195,0
69196,0
69200,0
69201,0
69205,0
69213,0
69214,0
69218,0
69219,0
69221,0
69222,0
69224,0
69231,0
69239,0
69245,0
69247,0
69253,0
69254,0
69258,0
69260,0
69261,0
69265,0
69266,0
69268,0
69269,0
69276,0
69281,0
69282,0
69287,0
69288,0
69295,0
69296,0
69302,0
69305,0
69306,0
69307,0
69308,0
69314,0
69317,0
69322,0
69323,0
69324,0
69326,0
69329,0
69331,0
69332,0
69333,0
69334,0
69335,0
69340,0
69341,0
69343,0
69346,0
69349,0
69353,0
69356,0
69358,0
69359,0
69360,0
69361,0
69369,0
69370,0
69371,0
69372,0
69377,0
69378,0
69381,0
69383,0
69388,0
69390,0
69391,0
69393,0
69407,0
69410,0
69411,0
69412,0
69416,0
69422,0
69424,0
69432,0
69433,0
69435,0
69436,0
69437,0
69439,0
69442,0
69443,0
69444,0
69446,0
69447,0
69452,0
69469,0
69470,0
69479,0
69483,0
69486,0
69487,0
69488,0
69492,0
69493,0
69494,0
69495,0
69496,0
69503,0
69504,0
69505,0
69508,0
69511,0
69512,0
69515,0
69516,0
69518,0
69519,0
69522,0
69526,0
69528,0
69529,0
69531,0
69532,0
69533,0
69537,0
69538,0
69543,0
69544,0
69548,0
69549,0
69550,0
69551,0
69552,0
69554,0
69557,0
69559,0
69561,0
69564,0
69565,0
69567,0
69568,0
69569,0
69571,0
69573,0
69576,0
69577,0
69579,0
69580,0
69581,0
69583,0
69585,0
69586,0
69592,0
69594,0
69601,0
69602,0
69603,0
69606,0
69609,0
69610,0
69613,0
69614,0
69615,0
69617,0
69618,0
69620,0
69623,0
69628,0
69632,0
69637,0
69640,0
69643,0
69647,0
69652,0
69653,0
69654,0
69656,0
69661,0
69663,0
69666,0
69669,0
69672,0
69674,0
69675,0
69678,0
69679,0
69682,0
69685,0
69686,0
69691,0
69695,0
69698,0
69701,0
69702,0
69703,0
69712,0
69718,0
69720,0
69722,0
69728,0
69731,0
69735,0
69743,0
69745,0
69748,0
69749,0
69750,0
69752,0
69753,0
69764,0
69766,0
69767,0
69770,0
69772,0
69773,0
69789,0
69794,0
69796,0
69801,0
69802,0
69803,0
69804,0
69805,0
69808,0
69810,0
69819,0
69824,0
69827,0
69828,0
69829,0
69830,0
69832,0
69838,0
69840,0
69842,0
69843,0
69845,0
69850,0
69851,0
69853,0
69856,0
69865,0
69866,0
69873,0
69874,0
69877,0
69878,0
69881,0
69882,0
69883,0
69884,0
69887,0
69895,0
69896,0
69899,0
69900,0
69901,0
69902,0
69904,0
69905,0
69907,0
69908,0
69912,0
69915,0
69920,0
69926,0
69929,0
69932,0
69942,0
69944,0
69947,0
69949,0
69950,0
69957,0
69958,0
69959,0
69965,0
69968,0
69969,0
69970,0
69971,0
69972,0
69973,0
69986,0
69988,0
69992,0
69996,0
69998,0
69999,0
70001,0
70003,0
70004,0
70012,0
70014,0
70016,0
70017,0
70019,0
70020,0
70022,0
70023,0
70025,0
70029,0
70030,0
70031,0
70032,0
70033,0
70035,0
70039,0
70042,0
70043,0
70045,0
70046,0
70056,0
70059,0
70062,0
70063,0
70064,0
70065,0
70068,0
70070,0
70072,0
70074,0
70075,0
70079,0
70080,0
70081,0
70082,0
70084,0
70086,0
70088,0
70090,0
70098,0
70101,0
70104,0
70107,0
70109,0
70114,0
70115,0
70121,0
70122,0
70124,0
70126,0
70127,0
70128,0
70131,0
70133,0
70134,0
70136,0
70141,0
70143,0
70146,0
70157,0
70158,0
70160,0
70163,0
70165,0
70168,0
70169,0
70170,0
70177,0
70180,0
70185,0
70189,0
70191,0
70192,0
70193,0
70195,0
70199,0
70202,0
70208,0
70209,0
70212,0
70216,0
70218,0
70219,0
70222,0
70224,0
70227,0
70229,0
70230,0
70233,0
70234,0
70236,0
70237,0
70239,0
70240,0
70243,0
70245,0
70249,0
70254,0
70256,0
70258,0
70265,0
70267,0
70268,0
70269,0
70270,0
70271,0
70273,0
70279,0
70283,0
70286,0
70289,0
70291,0
70294,0
70301,0
70302,0
70306,0
70311,0
70315,0
70317,0
70318,0
70320,0
70321,0
70324,0
70325,0
70329,0
70330,0
70331,0
70332,0
70340,0
70347,0
70350,0
70351,0
70352,0
70354,0
70357,0
70358,0
70362,0
70363,0
70373,0
70377,0
70379,0
70381,0
70382,0
70383,0
70386,0
70387,0
70388,0
70390,0
70391,0
70393,0
70396,0
70399,0
70400,0
70401,0
70405,0
70406,0
70407,0
70409,0
70415,0
70416,0
70417,0
70420,0
70425,0
70428,0
70432,0
70433,0
70435,0
70437,0
70438,0
70439,0
70442,0
70445,0
70446,0
70448,0
70449,0
70457,0
70458,0
70460,0
70463,0
70467,0
70468,0
70471,0
70473,0
70475,0
70476,0
70478,0
70479,0
70480,0
70483,0
70486,0
70490,0
70492,0
70493,0
70494,0
70496,0
70498,0
70503,0
70504,0
70508,0
70510,0
70513,0
70514,0
70515,0
70517,0
70519,0
70522,0
70524,0
70526,0
70529,0
70531,0
70533,0
70535,0
70536,0
70542,0
70544,0
70548,0
70549,0
70550,0
70555,0
70560,0
70565,0
70566,0
70572,0
70574,0
70579,0
70581,0
70583,0
70585,0
70588,0
70589,0
70590,0
70591,0
70598,0
70603,0
70607,0
70610,0
70611,0
70614,0
70616,0
70620,0
70622,0
70623,0
70624,0
70627,0
70628,0
70637,0
70643,0
70646,0
70647,0
70650,0
70651,0
70653,0
70660,0
70661,0
70664,0
70665,0
70669,0
70672,0
70676,0
70677,0
70684,0
70687,0
70690,0
70693,0
70695,0
70699,0
70701,0
70703,0
70704,0
70707,0
70708,0
70709,0
70710,0
70711,0
70714,0
70717,0
70720,0
70721,0
70731,0
70735,0
70736,0
70742,0
70743,0
70744,0
70746,0
70752,0
70757,0
70758,0
70767,0
70768,0
70770,0
70771,0
70773,0
70775,0
70776,0
70778,0
70782,0
70783,0
70785,0
70786,0
70788,0
70791,0
70792,0
70798,0
70802,0
70804,0
70812,0
70814,0
70815,0
70816,0
70817,0
70818,0
70819,0
70824,0
70825,0
70831,0
70832,0
70837,0
70839,0
70840,0
70841,0
70850,0
70852,0
70857,0
70860,0
70861,0
70862,0
70866,0
70867,0
70868,0
70869,0
70870,0
70872,0
70876,0
70879,0
70880,0
70881,0
70883,0
70885,0
70886,0
70888,0
70889,0
70890,0
70892,0
70896,0
70900,0
70904,0
70907,0
70912,0
70924,0
70929,0
70932,0
70933,0
70935,0
70941,0
70942,0
70944,0
70949,0
70953,0
70956,0
70959,0
70960,0
70970,0
70979,0
70982,0
70986,0
70987,0
70990,0
70994,0
70995,0
70997,0
71000,0
71008,0
71009,0
71011,0
71012,0
71014,0
71016,0
71017,0
71020,0
71021,0
71024,0
71025,0
71026,0
71028,0
71031,0
71033,0
71034,0
71035,0
71037,0
71039,0
71040,0
71042,0
71043,0
71044,0
71046,0
71047,0
71048,0
71052,0
71053,0
71055,0
71058,0
71060,0
71061,0
71062,0
71063,0
71064,0
71066,0
71067,0
71070,0
71077,0
71081,0
71084,0
71085,0
71088,0
71089,0
71090,0
71091,0
71092,0
71094,0
71095,0
71097,0
71099,0
71101,0
71104,0
71105,0
71109,0
71110,0
71115,0
71116,0
71118,0
71119,0
71127,0
71131,0
71133,0
71136,0
71141,0
71142,0
71143,0
71144,0
71145,0
71146,0
71147,0
71152,0
71156,0
71157,0
71160,0
71162,0
71165,0
71167,0
71168,0
71170,0
71172,0
71173,0
71174,0
71176,0
71182,0
71183,0
71185,0
71188,0
71189,0
71190,0
71192,0
71194,0
71195,0
71196,0
71199,0
71201,0
71203,0
71208,0
71214,0
71216,0
71220,0
71226,0
71233,0
71235,0
71237,0
71240,0
71245,0
71246,0
71247,0
71248,0
71250,0
71252,0
71256,0
71257,0
71260,0
71261,0
71264,0
71265,0
71269,0
71271,0
71273,0
71274,0
71275,0
71279,0
71280,0
71282,0
71284,0
71286,0
71287,0
71290,0
71293,0
71301,0
71302,0
71303,0
71307,0
71309,0
71310,0
71313,0
71315,0
71319,0
71325,0
71326,0
71328,0
71331,0
71332,0
71334,0
71337,0
71340,0
71342,0
71343,0
71347,0
71349,0
71351,0
71352,0
71354,0
71355,0
71360,0
71361,0
71363,0
71367,0
71368,0
71369,0
71370,0
71374,0
71375,0
71376,0
71377,0
71378,0
71379,0
71382,0
71385,0
71386,0
71388,0
71390,0
71392,0
71393,0
71395,0
71398,0
71403,0
71406,0
71407,0
71408,0
71411,0
71413,0
71416,0
71417,0
71420,0
71425,0
71428,0
71429,0
71438,0
71439,0
71440,0
71443,0
71444,0
71446,0
71449,0
71450,0
71459,0
71460,0
71461,0
71462,0
71465,0
71468,0
71469,0
71472,0
71476,0
71480,0
71482,0
71483,0
71484,0
71485,0
71486,0
71488,0
71493,0
71496,0
71502,0
71503,0
71507,0
71508,0
71510,0
71512,0
71514,0
71516,0
71517,0
71518,0
71520,0
71524,0
71528,0
71529,0
71530,0
71535,0
71536,0
71537,0
71538,0
71539,0
71540,0
71543,0
71545,0
71548,0
71551,0
71552,0
71555,0
71559,0
71563,0
71564,0
71568,0
71573,0
71575,0
71577,0
71579,0
71580,0
71581,0
71582,0
71589,0
71590,0
71591,0
71592,0
71594,0
71597,0
71598,0
71602,0
71603,0
71605,0
71606,0
71608,0
71611,0
71612,0
71615,0
71617,0
71621,0
71623,0
71624,0
71625,0
71627,0
71628,0
71629,0
71633,0
71638,0
71639,0
71641,0
71650,0
71652,0
71655,0
71656,0
71661,0
71662,0
71663,0
71670,0
71671,0
71672,0
71673,0
71676,0
71677,0
71680,0
71683,0
71685,0
71691,0
71692,0
71694,0
71695,0
71697,0
71698,0
71704,0
71711,0
71712,0
71713,0
71717,0
71720,0
71723,0
71733,0
71735,0
71737,0
71739,0
71740,0
71747,0
71750,0
71751,0
71754,0
71757,0
71758,0
71760,0
71761,0
71766,0
71768,0
71769,0
71770,0
71771,0
71775,0
71776,0
71778,0
71781,0
71783,0
71784,0
71785,0
71788,0
71790,0
71791,0
71793,0
71796,0
71797,0
71798,0
71799,0
71803,0
71806,0
71808,0
71809,0
71812,0
71815,0
71818,0
71820,0
71821,0
71825,0
71826,0
71828,0
71829,0
71830,0
71831,0
71836,0
71841,0
71843,0
71844,0
71853,0
71857,0
71858,0
71860,0
71864,0
71865,0
71866,0
71869,0
71874,0
71875,0
71878,0
71882,0
71885,0
71887,0
71890,0
71891,0
71896,0
71898,0
71900,0
71903,0
71908,0
71909,0
71911,0
71912,0
71913,0
71915,0
71916,0
71922,0
71925,0
71926,0
71929,0
71932,0
71937,0
71938,0
71939,0
71940,0
71941,0
71946,0
71950,0
71951,0
71954,0
71957,0
71961,0
71962,0
71963,0
71965,0
71966,0
71971,0
71974,0
71976,0
71978,0
71980,0
71982,0
71983,0
71985,0
71986,0
71992,0
71996,0
71998,0
72003,0
72004,0
72005,0
72007,0
72009,0
72014,0
72018,0
72019,0
72021,0
72025,0
72027,0
72029,0
72030,0
72035,0
72036,0
72038,0
72040,0
72041,0
72046,0
72050,0
72054,0
72057,0
72058,0
72065,0
72071,0
72074,0
72080,0
72084,0
72085,0
72088,0
72090,0
72095,0
72098,0
72100,0
72104,0
72106,0
72108,0
72114,0
72117,0
72118,0
72125,0
72126,0
72132,0
72133,0
72136,0
72137,0
72139,0
72141,0
72143,0
72144,0
72146,0
72149,0
72153,0
72154,0
72156,0
72159,0
72160,0
72161,0
72168,0
72174,0
72176,0
72177,0
72179,0
72183,0
72192,0
72193,0
72196,0
72199,0
72200,0
72204,0
72205,0
72207,0
72208,0
72211,0
72215,0
72217,0
72220,0
72221,0
72222,0
72226,0
72229,0
72233,0
72234,0
72236,0
72237,0
72241,0
72242,0
72243,0
72244,0
72246,0
72251,0
72255,0
72259,0
72262,0
72267,0
72276,0
72279,0
72281,0
72282,0
72283,0
72287,0
72289,0
72291,0
72292,0
72294,0
72296,0
72297,0
72299,0
72302,0
72304,0
72307,0
72308,0
72311,0
72313,0
72319,0
72322,0
72328,0
72329,0
72331,0
72333,0
72335,0
72340,0
72341,0
72342,0
72343,0
72345,0
72346,0
72348,0
72351,0
72352,0
72353,0
72355,0
72360,0
72364,0
72372,0
72373,0
72374,0
72375,0
72376,0
72379,0
72380,0
72382,0
72384,0
72385,0
72386,0
72391,0
72398,0
72401,0
72402,0
72404,0
72408,0
72415,0
72418,0
72422,0
72426,0
72428,0
72430,0
72431,0
72434,0
72436,0
72438,0
72441,0
72442,0
72443,0
72445,0
72447,0
72453,0
72459,0
72460,0
72461,0
72462,0
72468,0
72472,0
72474,0
72476,0
72478,0
72480,0
72481,0
72483,0
72487,0
72490,0
72491,0
72493,0
72496,0
72497,0
72501,0
72502,0
72503,0
72504,0
72508,0
72510,0
72511,0
72512,0
72517,0
72519,0
72520,0
72522,0
72523,0
72524,0
72529,0
72530,0
72531,0
72532,0
72534,0
72540,0
72541,0
72543,0
72546,0
72548,0
72550,0
72551,0
72552,0
72556,0
72560,0
72562,0
72563,0
72568,0
72570,0
72571,0
72572,0
72573,0
72574,0
72577,0
72581,0
72583,0
72584,0
72588,0
72589,0
72590,0
72591,0
72593,0
72598,0
72599,0
72605,0
72606,0
72607,0
72608,0
72610,0
72618,0
72619,0
72621,0
72623,0
72624,0
72627,0
72628,0
72631,0
72634,0
72635,0
72637,0
72638,0
72640,0
72644,0
72646,0
72649,0
72651,0
72652,0
72653,0
72663,0
72667,0
72669,0
72676,0
72680,0
72684,0
72685,0
72690,0
72693,0
72694,0
72695,0
72698,0
72701,0
72703,0
72704,0
72706,0
72711,0
72713,0
72717,0
72718,0
72721,0
72723,0
72725,0
72737,0
72738,0
72740,0
72743,0
72744,0
72747,0
72749,0
72752,0
72753,0
72755,0
72756,0
72759,0
72766,0
72770,0
72771,0
72774,0
72782,0
72784,0
72785,0
72786,0
72787,0
72789,0
72790,0
72794,0
72796,0
72800,0
72805,0
72809,0
72810,0
72812,0
72820,0
72821,0
72824,0
72826,0
72828,0
72829,0
72830,0
72831,0
72832,0
72836,0
72838,0
72839,0
72841,0
72843,0
72847,0
72848,0
72849,0
72850,0
72854,0
72856,0
72860,0
72861,0
72862,0
72868,0
72872,0
72873,0
72876,0
72879,0
72880,0
72884,0
72887,0
72888,0
72889,0
72895,0
72896,0
72899,0
72901,0
72903,0
72906,0
72908,0
72910,0
72913,0
72916,0
72919,0
72925,0
72926,0
72929,0
72931,0
72934,0
72935,0
72937,0
72941,0
72944,0
72949,0
72953,0
72961,0
72969,0
72972,0
72974,0
72975,0
72979,0
72980,0
72981,0
72983,0
72984,0
72987,0
72990,0
72991,0
72992,0
72993,0
72994,0
72996,0
72998,0
73000,0
73001,0
73002,0
73006,0
73007,0
73010,0
73014,0
73022,0
73023,0
73032,0
73034,0
73037,0
73040,0
73045,0
73050,0
73051,0
73054,0
73055,0
73056,0
73058,0
73059,0
73061,0
73062,0
73065,0
73066,0
73070,0
73076,0
73081,0
73089,0
73091,0
73092,0
73095,0
73098,0
73100,0
73102,0
73103,0
73104,0
73107,0
73108,0
73110,0
73115,0
73118,0
73119,0
73121,0
73125,0
73126,0
73130,0
73131,0
73135,0
73136,0
73137,0
73139,0
73141,0
73146,0
73148,0
73149,0
73152,0
73156,0
73157,0
73168,0
73169,0
73170,0
73171,0
73175,0
73176,0
73182,0
73183,0
73188,0
73190,0
73196,0
73197,0
73201,0
73209,0
73210,0
73214,0
73216,0
73218,0
73219,0
73221,0
73224,0
73229,0
73231,0
73233,0
73235,0
73236,0
73239,0
73243,0
73245,0
73246,0
73248,0
73249,0
73251,0
73255,0
73258,0
73260,0
73263,0
73265,0
73267,0
73271,0
73275,0
73280,0
73283,0
73284,0
73285,0
73286,0
73287,0
73288,0
73290,0
73294,0
73295,0
73298,0
73300,0
73301,0
73302,0
73303,0
73304,0
73307,0
73308,0
73311,0
73313,0
73315,0
73317,0
73319,0
73320,0
73321,0
73327,0
73330,0
73331,0
73333,0
73335,0
73342,0
73343,0
73344,0
73345,0
73351,0
73357,0
73358,0
73360,0
73365,0
73366,0
73368,0
73370,0
73372,0
73373,0
73376,0
73378,0
73380,0
73381,0
73393,0
73394,0
73395,0
73396,0
73400,0
73401,0
73403,0
73409,0
73415,0
73417,0
73426,0
73427,0
73429,0
73430,0
73431,0
73432,0
73435,0
73437,0
73445,0
73452,0
73454,0
73458,0
73459,0
73460,0
73462,0
73466,0
73472,0
73476,0
73477,0
73479,0
73480,0
73483,0
73486,0
73490,0
73491,0
73493,0
73494,0
73502,0
73504,0
73507,0
73513,0
73517,0
73519,0
73521,0
73522,0
73524,0
73526,0
73527,0
73530,0
73531,0
73533,0
73535,0
73536,0
73537,0
73540,0
73542,0
73544,0
73545,0
73550,0
73551,0
73558,0
73559,0
73562,0
73567,0
73568,0
73569,0
73570,0
73573,0
73584,0
73585,0
73597,0
73599,0
73603,0
73606,0
73607,0
73608,0
73609,0
73610,0
73613,0
73618,0
73619,0
73623,0
73624,0
73625,0
73626,0
73628,0
73629,0
73633,0
73634,0
73636,0
73639,0
73640,0
73641,0
73642,0
73643,0
73644,0
73660,0
73662,0
73663,0
73671,0
73672,0
73673,0
73675,0
73682,0
73683,0
73691,0
73695,0
73696,0
73699,0
73701,0
73702,0
73706,0
73707,0
73709,0
73710,0
73712,0
73718,0
73722,0
73725,0
73727,0
73729,0
73732,0
73735,0
73738,0
73739,0
73740,0
73746,0
73750,0
73752,0
73758,0
73759,0
73760,0
73761,0
73763,0
73764,0
73767,0
73769,0
73771,0
73774,0
73775,0
73776,0
73779,0
73780,0
73784,0
73785,0
73787,0
73788,0
73795,0
73796,0
73797,0
73799,0
73800,0
73812,0
73813,0
73817,0
73820,0
73821,0
73823,0
73824,0
73827,0
73831,0
73832,0
73834,0
73841,0
73842,0
73845,0
73849,0
73852,0
73853,0
73854,0
73855,0
73857,0
73862,0
73863,0
73867,0
73875,0
73878,0
73879,0
73880,0
73882,0
73884,0
73885,0
73888,0
73889,0
73894,0
73897,0
73898,0
73899,0
73905,0
73908,0
73909,0
73912,0
73920,0
73921,0
73922,0
73927,0
73930,0
73942,0
73949,0
73950,0
73955,0
73957,0
73966,0
73967,0
73969,0
73971,0
73977,0
73978,0
73980,0
73986,0
73988,0
73993,0
73997,0
73998,0
74000,0
74002,0
74006,0
74009,0
74010,0
74012,0
74013,0
74021,0
74022,0
74024,0
74034,0
74035,0
74036,0
74038,0
74040,0
74041,0
74043,0
74048,0
74050,0
74056,0
74062,0
74063,0
74066,0
74069,0
74070,0
74072,0
74074,0
74077,0
74078,0
74084,0
74085,0
74090,0
74096,0
74097,0
74098,0
74099,0
74101,0
74102,0
74111,0
74113,0
74115,0
74117,0
74118,0
74121,0
74128,0
74133,0
74135,0
74137,0
74141,0
74148,0
74150,0
74153,0
74158,0
74160,0
74162,0
74164,0
74166,0
74167,0
74171,0
74178,0
74184,0
74186,0
74189,0
74190,0
74194,0
74200,0
74201,0
74202,0
74205,0
74207,0
74208,0
74210,0
74215,0
74226,0
74229,0
74231,0
74232,0
74237,0
74238,0
74239,0
74240,0
74242,0
74243,0
74244,0
74249,0
74252,0
74255,0
74257,0
74258,0
74261,0
74262,0
74263,0
74265,0
74266,0
74267,0
74269,0
74274,0
74277,0
74279,0
74281,0
74282,0
74283,0
74288,0
74292,0
74294,0
74295,0
74297,0
74300,0
74301,0
74302,0
74303,0
74305,0
74308,0
74309,0
74311,0
74315,0
74317,0
74318,0
74320,0
74322,0
74324,0
74331,0
74332,0
74333,0
74334,0
74335,0
74336,0
74345,0
74346,0
74351,0
74354,0
74356,0
74357,0
74360,0
74364,0
74367,0
74371,0
74374,0
74375,0
74376,0
74379,0
74381,0
74383,0
74384,0
74385,0
74388,0
74390,0
74392,0
74395,0
74399,0
74400,0
74408,0
74411,0
74420,0
74423,0
74427,0
74429,0
74431,0
74432,0
74439,0
74443,0
74447,0
74449,0
74450,0
74454,0
74455,0
74456,0
74457,0
74463,0
74470,0
74471,0
74472,0
74473,0
74475,0
74478,0
74485,0
74489,0
74495,0
74498,0
74501,0
74503,0
74504,0
74505,0
74508,0
74511,0
74512,0
74513,0
74516,0
74518,0
74521,0
74523,0
74525,0
74526,0
74527,0
74528,0
74529,0
74531,0
74536,0
74539,0
74542,0
74544,0
74547,0
74549,0
74550,0
74552,0
74553,0
74557,0
74559,0
74561,0
74562,0
74563,0
74565,0
74566,0
74568,0
74569,0
74571,0
74573,0
74574,0
74576,0
74577,0
74578,0
74579,0
74581,0
74582,0
74585,0
74587,0
74588,0
74589,0
74591,0
74592,0
74595,0
74596,0
74597,0
74598,0
74600,0
74602,0
74605,0
74606,0
74607,0
74608,0
74610,0
74612,0
74613,0
74614,0
74616,0
74620,0
74621,0
74625,0
74626,0
74628,0
74630,0
74631,0
74635,0
74637,0
74642,0
74643,0
74645,0
74651,0
74653,0
74654,0
74663,0
74668,0
74674,0
74676,0
74682,0
74683,0
74689,0
74692,0
74695,0
74696,0
74697,0
74698,0
74699,0
74701,0
74702,0
74706,0
74707,0
74709,0
74714,0
74715,0
74716,0
74718,0
74719,0
74722,0
74726,0
74730,0
74731,0
74733,0
74734,0
74738,0
74743,0
74745,0
74752,0
74753,0
74754,0
74755,0
74757,0
74761,0
74762,0
74766,0
74767,0
74770,0
74773,0
74774,0
74776,0
74780,0
74782,0
74785,0
74793,0
74794,0
74797,0
74802,0
74803,0
74804,0
74809,0
74812,0
74813,0
74814,0
74817,0
74819,0
74822,0
74823,0
74825,0
74828,0
74833,0
74834,0
74838,0
74842,0
74843,0
74845,0
74850,0
74853,0
74858,0
74866,0
74869,0
74871,0
74872,0
74873,0
74875,0
74877,0
74882,0
74883,0
74884,0
74889,0
74895,0
74899,0
74900,0
74905,0
74907,0
74908,0
74911,0
74912,0
74915,0
74916,0
74919,0
74920,0
74921,0
74923,0
74926,0
74930,0
74932,0
74933,0
74936,0
74940,0
74942,0
74944,0
74946,0
74947,0
74948,0
74950,0
74951,0
74952,0
74958,0
74962,0
74964,0
74965,0
74968,0
74973,0
74976,0
74979,0
74980,0
74981,0
74986,0
74988,0
74989,0
74990,0
74993,0
74997,0
75000,0
75001,0
75011,0
75012,0
75015,0
75021,0
75023,0
75025,0
75029,0
75030,0
75031,0
75038,0
75039,0
75043,0
75048,0
75050,0
75051,0
75053,0
75056,0
75061,0
75062,0
75064,0
75065,0
75072,0
75075,0
75077,0
75080,0
75082,0
75083,0
75087,0
75088,0
75090,0
75092,0
75093,0
75095,0
75104,0
75105,0
75108,0
75112,0
75113,0
75114,0
75118,0
75120,0
75121,0
75124,0
75125,0
75127,0
75128,0
75129,0
75131,0
75133,0
75135,0
75136,0
75138,0
75139,0
75147,0
75148,0
75151,0
75154,0
75155,0
75156,0
75158,0
75162,0
75163,0
75164,0
75167,0
75168,0
75169,0
75171,0
75172,0
75174,0
75177,0
75184,0
75185,0
75186,0
75190,0
75191,0
75196,0
75198,0
75200,0
75203,0
75204,0
75206,0
75207,0
75212,0
75213,0
75214,0
75221,0
75225,0
75226,0
75228,0
75229,0
75231,0
75232,0
75234,0
75235,0
75236,0
75237,0
75240,0
75243,0
75244,0
75245,0
75247,0
75249,0
75252,0
75254,0
75255,0
75258,0
75261,0
75262,0
75268,0
75273,0
75277,0
75279,0
75284,0
75285,0
75286,0
75288,0
75296,0
75302,0
75305,0
75306,0
75307,0
75314,0
75316,0
75320,0
75321,0
75322,0
75327,0
75328,0
75329,0
75330,0
75332,0
75333,0
75335,0
75336,0
75339,0
75340,0
75341,0
75345,0
75352,0
75353,0
75355,0
75358,0
75359,0
75360,0
75367,0
75368,0
75370,0
75372,0
75373,0
75375,0
75377,0
75380,0
75381,0
75386,0
75390,0
75393,0
75397,0
75402,0
75403,0
75404,0
75408,0
75410,0
75412,0
75413,0
75415,0
75416,0
75420,0
75421,0
75422,0
75423,0
75424,0
75427,0
75433,0
75434,0
75436,0
75437,0
75443,0
75448,0
75451,0
75454,0
75458,0
75462,0
75463,0
75464,0
75466,0
75478,0
75483,0
75484,0
75490,0
75493,0
75499,0
75500,0
75503,0
75505,0
75508,0
75511,0
75513,0
75517,0
75518,0
75519,0
75522,0
75527,0
75531,0
75532,0
75536,0
75539,0
75542,0
75543,0
75546,0
75548,0
75550,0
75551,0
75556,0
75562,0
75563,0
75571,0
75573,0
75574,0
75576,0
75578,0
75579,0
75583,0
75585,0
75589,0
75590,0
75592,0
75593,0
75594,0
75597,0
75600,0
75602,0
75603,0
75605,0
75608,0
75612,0
75614,0
75616,0
75618,0
75619,0
75620,0
75622,0
75623,0
75625,0
75627,0
75628,0
75629,0
75630,0
75635,0
75636,0
75639,0
75641,0
75645,0
75646,0
75648,0
75649,0
75651,0
75652,0
75655,0
75657,0
75660,0
75665,0
75667,0
75671,0
75672,0
75676,0
75678,0
75679,0
75680,0
75681,0
75686,0
75687,0
75690,0
75691,0
75694,0
75696,0
75697,0
75699,0
75702,0
75703,0
75710,0
75716,0
75718,0
75720,0
75727,0
75734,0
75735,0
75739,0
75740,0
75741,0
75742,0
75744,0
75747,0
75749,0
75751,0
75753,0
75755,0
75756,0
75758,0
75759,0
75761,0
75762,0
75764,0
75765,0
75766,0
75768,0
75770,0
75773,0
75775,0
75780,0
75781,0
75782,0
75783,0
75784,0
75787,0
75792,0
75795,0
75796,0
75801,0
75803,0
75805,0
75807,0
75808,0
75812,0
75814,0
75817,0
75818,0
75819,0
75820,0
75821,0
75829,0
75830,0
75832,0
75833,0
75835,0
75836,0
75838,0
75844,0
75846,0
75852,0
75854,0
75855,0
75856,0
75858,0
75862,0
75867,0
75870,0
75871,0
75873,0
75876,0
75884,0
75888,0
75889,0
75891,0
75892,0
75893,0
75894,0
75896,0
75898,0
75902,0
75905,0
75907,0
75909,0
75910,0
75911,0
75914,0
75915,0
75916,0
75924,0
75925,0
75928,0
75931,0
75935,0
75936,0
75937,0
75939,0
75941,0
75943,0
75944,0
75947,0
75949,0
75951,0
75952,0
75954,0
75961,0
75964,0
75965,0
75968,0
75970,0
75973,0
75974,0
75977,0
75982,0
75989,0
75990,0
75996,0
75997,0
76000,0
76002,0
76003,0
76004,0
76011,0
76015,0
76018,0
76020,0
76021,0
76025,0
76030,0
76032,0
76033,0
76034,0
76038,0
76039,0
76042,0
76045,0
76046,0
76050,0
76054,0
76055,0
76063,0
76064,0
76068,0
76070,0
76073,0
76076,0
76078,0
76079,0
76080,0
76085,0
76090,0
76096,0
76100,0
76103,0
76105,0
76110,0
76122,0
76123,0
76124,0
76125,0
76132,0
76135,0
76137,0
76139,0
76141,0
76145,0
76146,0
76150,0
76154,0
76155,0
76160,0
76161,0
76164,0
76166,0
76167,0
76172,0
76179,0
76184,0
76187,0
76191,0
76193,0
76194,0
76195,0
76196,0
76199,0
76200,0
76202,0
76204,0
76207,0
76208,0
76211,0
76212,0
76213,0
76218,0
76219,0
76221,0
76225,0
76227,0
76231,0
76239,0
76240,0
76243,0
76244,0
76245,0
76250,0
76257,0
76260,0
76262,0
76266,0
76267,0
76270,0
76271,0
76272,0
76273,0
76283,0
76284,0
76285,0
76287,0
76288,0
76289,0
76291,0
76300,0
76301,0
76304,0
76305,0
76308,0
76309,0
76310,0
76312,0
76314,0
76321,0
76323,0
76324,0
76326,0
76327,0
76328,0
76333,0
76334,0
76337,0
76338,0
76339,0
76340,0
76342,0
76343,0
76345,0
76347,0
76348,0
76349,0
76353,0
76355,0
76360,0
76367,0
76368,0
76374,0
76378,0
76379,0
76384,0
76391,0
76396,0
76397,0
76411,0
76412,0
76415,0
76419,0
76423,0
76424,0
76425,0
76426,0
76428,0
76433,0
76434,0
76438,0
76439,0
76440,0
76443,0
76445,0
76447,0
76453,0
76456,0
76460,0
76463,0
76467,0
76468,0
76469,0
76473,0
76481,0
76485,0
76486,0
76487,0
76489,0
76491,0
76493,0
76496,0
76498,0
76500,0
76501,0
76502,0
76505,0
76506,0
76508,0
76509,0
76510,0
76514,0
76515,0
76516,0
76517,0
76524,0
76533,0
76534,0
76535,0
76536,0
76540,0
76543,0
76545,0
76548,0
76554,0
76556,0
76557,0
76560,0
76561,0
76562,0
76569,0
76574,0
76577,0
76578,0
76581,0
76584,0
76585,0
76586,0
76588,0
76599,0
76600,0
76602,0
76604,0
76607,0
76608,0
76609,0
76610,0
76614,0
76620,0
76622,0
76623,0
76624,0
76627,0
76629,0
76634,0
76640,0
76642,0
76643,0
76644,0
76649,0
76651,0
76652,0
76653,0
76660,0
76669,0
76671,0
76672,0
76678,0
76682,0
76685,0
76692,0
76693,0
76695,0
76696,0
76702,0
76703,0
76704,0
76705,0
76715,0
76716,0
76722,0
76727,0
76730,0
76732,0
76733,0
76736,0
76737,0
76738,0
76739,0
76744,0
76748,0
76751,0
76752,0
76755,0
76757,0
76759,0
76760,0
76762,0
76764,0
76766,0
76768,0
76769,0
76770,0
76771,0
76774,0
76779,0
76786,0
76787,0
76788,0
76789,0
76791,0
76793,0
76801,0
76804,0
76809,0
76812,0
76817,0
76818,0
76821,0
76822,0
76826,0
76832,0
76836,0
76837,0
76838,0
76839,0
76842,0
76843,0
76849,0
76855,0
76857,0
76858,0
76864,0
76865,0
76867,0
76868,0
76869,0
76871,0
76881,0
76882,0
76884,0
76885,0
76888,0
76889,0
76897,0
76899,0
76902,0
76911,0
76913,0
76914,0
76919,0
76923,0
76928,0
76931,0
76933,0
76934,0
76935,0
76938,0
76940,0
76946,0
76951,0
76954,0
76958,0
76960,0
76962,0
76964,0
76975,0
76977,0
76978,0
76982,0
76983,0
76986,0
76987,0
76989,0
76992,0
76993,0
76997,0
77000,0
77001,0
77005,0
77007,0
77008,0
77009,0
77011,0
77014,0
77015,0
77016,0
77017,0
77020,0
77022,0
77023,0
77025,0
77028,0
77029,0
77031,0
77032,0
77033,0
77037,0
77039,0
77040,0
77041,0
77043,0
77045,0
77046,0
77048,0
77049,0
77051,0
77053,0
77054,0
77057,0
77058,0
77059,0
77069,0
77070,0
77071,0
77073,0
77074,0
77075,0
77078,0
77079,0
77080,0
77081,0
77082,0
77083,0
77084,0
77086,0
77088,0
77090,0
77094,0
77095,0
77100,0
77101,0
77106,0
77107,0
77110,0
77112,0
77114,0
77116,0
77117,0
77118,0
77121,0
77122,0
77125,0
77126,0
77127,0
77131,0
77132,0
77134,0
77135,0
77139,0
77142,0
77143,0
77144,0
77147,0
77151,0
77152,0
77153,0
77158,0
77159,0
77163,0
77165,0
77166,0
77171,0
77172,0
77174,0
77175,0
77179,0
77182,0
77183,0
77184,0
77187,0
77189,0
77195,0
77196,0
77207,0
77208,0
77209,0
77215,0
77218,0
77220,0
77222,0
77225,0
77226,0
77227,0
77231,0
77233,0
77235,0
77237,0
77238,0
77241,0
77243,0
77244,0
77246,0
77249,0
77253,0
77256,0
77257,0
77260,0
77263,0
77264,0
77270,0
77272,0
77273,0
77277,0
77289,0
77291,0
77294,0
77295,0
77296,0
77300,0
77309,0
77310,0
77312,0
77323,0
77325,0
77327,0
77332,0
77335,0
77337,0
77342,0
77346,0
77348,0
77356,0
77359,0
77371,0
77372,0
77375,0
77377,0
77383,0
77385,0
77386,0
77387,0
77391,0
77392,0
77394,0
77396,0
77397,0
77399,0
77401,0
77405,0
77410,0
77415,0
77422,0
77423,0
77427,0
77428,0
77429,0
77431,0
77433,0
77434,0
77439,0
77443,0
77445,0
77448,0
77450,0
77452,0
77457,0
77458,0
77459,0
77461,0
77463,0
77465,0
77466,0
77467,0
77468,0
77472,0
77474,0
77475,0
77476,0
77477,0
77478,0
77480,0
77483,0
77485,0
77486,0
77487,0
77491,0
77493,0
77494,0
77495,0
77497,0
77504,0
77506,0
77509,0
77515,0
77516,0
77517,0
77518,0
77521,0
77528,0
77533,0
77534,0
77535,0
77539,0
77541,0
77542,0
77543,0
77544,0
77549,0
77561,0
77563,0
77564,0
77566,0
77570,0
77573,0
77574,0
77575,0
77577,0
77578,0
77580,0
77583,0
77585,0
77586,0
77589,0
77590,0
77594,0
77598,0
77603,0
77604,0
77606,0
77608,0
77611,0
77614,0
77617,0
77619,0
77621,0
77627,0
77630,0
77633,0
77634,0
77637,0
77638,0
77639,0
77640,0
77645,0
77646,0
77647,0
77648,0
77652,0
77654,0
77656,0
77658,0
77659,0
77661,0
77663,0
77666,0
77668,0
77671,0
77672,0
77675,0
77678,0
77679,0
77686,0
77690,0
77691,0
77694,0
77696,0
77697,0
77699,0
77700,0
77701,0
77705,0
77706,0
77709,0
77710,0
77711,0
77715,0
77717,0
77719,0
77722,0
77723,0
77724,0
77725,0
77727,0
77728,0
77734,0
77740,0
77742,0
77743,0
77746,0
77748,0
77750,0
77754,0
77755,0
77757,0
77758,0
77763,0
77765,0
77766,0
77768,0
77769,0
77771,0
77773,0
77774,0
77775,0
77778,0
77781,0
77782,0
77784,0
77787,0
77788,0
77790,0
77794,0
77796,0
77797,0
77798,0
77799,0
77800,0
77802,0
77804,0
77809,0
77812,0
77813,0
77819,0
77822,0
77827,0
77828,0
77830,0
77836,0
77837,0
77838,0
77841,0
77842,0
77843,0
77844,0
77846,0
77847,0
77850,0
77854,0
77856,0
77857,0
77858,0
77860,0
77861,0
77862,0
77863,0
77867,0
77868,0
77869,0
77877,0
77878,0
77879,0
77881,0
77882,0
77883,0
77888,0
77889,0
77890,0
77891,0
77895,0
77896,0
77899,0
77902,0
77905,0
77908,0
77910,0
77915,0
77917,0
77919,0
77920,0
77921,0
77927,0
77928,0
77929,0
77931,0
77933,0
77935,0
77936,0
77940,0
77946,0
77950,0
77953,0
77954,0
77958,0
77964,0
77965,0
77966,0
77977,0
77981,0
77988,0
77989,0
77997,0
78002,0
78004,0
78005,0
78011,0
78020,0
78021,0
78022,0
78026,0
78030,0
78034,0
78037,0
78038,0
78046,0
78047,0
78049,0
78051,0
78058,0
78059,0
78060,0
78062,0
78063,0
78064,0
78065,0
78066,0
78068,0
78069,0
78073,0
78074,0
78078,0
78082,0
78086,0
78089,0
78091,0
78092,0
78094,0
78095,0
78097,0
78099,0
78101,0
78106,0
78107,0
78111,0
78116,0
78117,0
78119,0
78120,0
78122,0
78123,0
78124,0
78136,0
78138,0
78141,0
78146,0
78149,0
78153,0
78157,0
78161,0
78162,0
78163,0
78165,0
78169,0
78172,0
78185,0
78191,0
78199,0
78200,0
78201,0
78205,0
78206,0
78207,0
78210,0
78212,0
78214,0
78216,0
78217,0
78221,0
78222,0
78223,0
78226,0
78228,0
78229,0
78235,0
78238,0
78240,0
78243,0
78245,0
78252,0
78253,0
78255,0
78257,0
78258,0
78260,0
78266,0
78271,0
78273,0
78274,0
78275,0
78276,0
78280,0
78282,0
78284,0
78286,0
78287,0
78290,0
78292,0
78294,0
78296,0
78298,0
78299,0
78301,0
78302,0
78304,0
78305,0
78306,0
78308,0
78315,0
78317,0
78321,0
78322,0
78327,0
78330,0
78332,0
78335,0
78336,0
78342,0
78343,0
78344,0
78345,0
78347,0
78349,0
78350,0
78352,0
78358,0
78363,0
78364,0
78365,0
78367,0
78370,0
78372,0
78373,0
78374,0
78378,0
78379,0
78385,0
78387,0
78395,0
78396,0
78397,0
78398,0
78406,0
78409,0
78415,0
78416,0
78419,0
78423,0
78425,0
78429,0
78431,0
78433,0
78434,0
78435,0
78439,0
78440,0
78442,0
78444,0
78447,0
78448,0
78449,0
78451,0
78457,0
78458,0
78459,0
78464,0
78468,0
78470,0
78471,0
78472,0
78473,0
78475,0
78476,0
78480,0
78481,0
78486,0
78488,0
78490,0
78491,0
78497,0
78499,0
78500,0
78502,0
78503,0
78504,0
78505,0
78510,0
78514,0
78519,0
78524,0
78525,0
78526,0
78527,0
78528,0
78529,0
78533,0
78536,0
78539,0
78540,0
78541,0
78542,0
78544,0
78545,0
78547,0
78548,0
78549,0
78550,0
78551,0
78552,0
78559,0
78562,0
78566,0
78568,0
78570,0
78571,0
78574,0
78580,0
78581,0
78583,0
78588,0
78589,0
78590,0
78591,0
78592,0
78595,0
78606,0
78610,0
78612,0
78613,0
78614,0
78615,0
78616,0
78619,0
78622,0
78623,0
78624,0
78629,0
78632,0
78634,0
78635,0
78636,0
78638,0
78639,0
78644,0
78645,0
78647,0
78648,0
78650,0
78656,0
78657,0
78658,0
78659,0
78660,0
78664,0
78666,0
78668,0
78670,0
78671,0
78673,0
78674,0
78675,0
78677,0
78681,0
78687,0
78690,0
78693,0
78694,0
78695,0
78698,0
78699,0
78701,0
78704,0
78706,0
78709,0
78710,0
78712,0
78714,0
78716,0
78720,0
78724,0
78725,0
78732,0
78737,0
78738,0
78739,0
78741,0
78745,0
78746,0
78747,0
78754,0
78755,0
78757,0
78761,0
78765,0
78768,0
78769,0
78771,0
78774,0
78775,0
78776,0
78778,0
78779,0
78784,0
78785,0
78792,0
78793,0
78794,0
78796,0
78799,0
78801,0
78804,0
78807,0
78810,0
78812,0
78814,0
78821,0
78824,0
78835,0
78839,0
78840,0
78844,0
78846,0
78848,0
78850,0
78852,0
78860,0
78864,0
78869,0
78872,0
78874,0
78881,0
78882,0
78883,0
78891,0
78892,0
78894,0
78897,0
78898,0
78902,0
78903,0
78904,0
78907,0
78909,0
78914,0
78915,0
78916,0
78920,0
78921,0
78922,0
78924,0
78931,0
78932,0
78933,0
78935,0
78937,0
78938,0
78939,0
78941,0
78946,0
78950,0
78953,0
78954,0
78955,0
78956,0
78963,0
78966,0
78968,0
78970,0
78972,0
78973,0
78976,0
78977,0
78980,0
78984,0
78985,0
78986,0
78995,0
78996,0
78998,0
78999,0
79003,0
79004,0
79005,0
79006,0
79008,0
79009,0
79013,0
79017,0
79019,0
79022,0
79023,0
79024,0
79025,0
79026,0
79031,0
79038,0
79041,0
79042,0
79043,0
79044,0
79050,0
79051,0
79052,0
79053,0
79054,0
79055,0
79056,0
79062,0
79065,0
79069,0
79070,0
79076,0
79079,0
79083,0
79084,0
79091,0
79092,0
79097,0
79098,0
79100,0
79101,0
79102,0
79104,0
79107,0
79111,0
79113,0
79114,0
79117,0
79118,0
79119,0
79120,0
79121,0
79122,0
79126,0
79129,0
79132,0
79135,0
79137,0
79139,0
79141,0
79144,0
79150,0
79156,0
79157,0
79160,0
79164,0
79169,0
79172,0
79173,0
79174,0
79178,0
79179,0
79182,0
79186,0
79190,0
79191,0
79194,0
79198,0
79200,0
79201,0
79202,0
79204,0
79210,0
79211,0
79212,0
79216,0
79217,0
79219,0
79220,0
79222,0
79224,0
79227,0
79228,0
79231,0
79232,0
79233,0
79235,0
79239,0
79240,0
79242,0
79243,0
79245,0
79247,0
79251,0
79252,0
79254,0
79255,0
79257,0
79259,0
79261,0
79262,0
79266,0
79267,0
79270,0
79272,0
79273,0
79274,0
79275,0
79276,0
79277,0
79280,0
79281,0
79282,0
79283,0
79285,0
79290,0
79292,0
79293,0
79294,0
79296,0
79297,0
79299,0
79303,0
79305,0
79306,0
79309,0
79316,0
79317,0
79318,0
79323,0
79325,0
79328,0
79336,0
79338,0
79341,0
79345,0
79349,0
79350,0
79353,0
79354,0
79359,0
79360,0
79361,0
79364,0
79366,0
79369,0
79371,0
79374,0
79375,0
79376,0
79378,0
79380,0
79381,0
79382,0
79385,0
79388,0
79389,0
79391,0
79396,0
79397,0
79398,0
79399,0
79403,0
79404,0
79410,0
79413,0
79415,0
79417,0
79421,0
79422,0
79423,0
79424,0
79426,0
79430,0
79440,0
79441,0
79444,0
79445,0
79447,0
79452,0
79456,0
79459,0
79460,0
79462,0
79465,0
79466,0
79469,0
79471,0
79472,0
79473,0
79476,0
79477,0
79482,0
79487,0
79488,0
79494,0
79496,0
79500,0
79501,0
79502,0
79504,0
79505,0
79506,0
79507,0
79509,0
79510,0
79515,0
79516,0
79517,0
79519,0
79520,0
79521,0
79522,0
79523,0
79524,0
79529,0
79531,0
79536,0
79537,0
79538,0
79541,0
79545,0
79546,0
79549,0
79550,0
79554,0
79555,0
79556,0
79557,0
79559,0
79563,0
79565,0
79567,0
79568,0
79569,0
79587,0
79589,0
79594,0
79595,0
79597,0
79601,0
79603,0
79604,0
79606,0
79607,0
79608,0
79610,0
79611,0
79614,0
79615,0
79618,0
79619,0
79622,0
79626,0
79627,0
79628,0
79629,0
79637,0
79640,0
79641,0
79644,0
79645,0
79647,0
79648,0
79650,0
79651,0
79652,0
79654,0
79655,0
79657,0
79659,0
79661,0
79662,0
79669,0
79676,0
79681,0
79683,0
79684,0
79686,0
79687,0
79695,0
79696,0
79697,0
79699,0
79700,0
79701,0
79704,0
79705,0
79707,0
79709,0
79712,0
79714,0
79717,0
79719,0
79720,0
79722,0
79724,0
79725,0
79729,0
79730,0
79732,0
79733,0
79735,0
79736,0
79742,0
79743,0
79745,0
79752,0
79755,0
79756,0
79757,0
79760,0
79762,0
79763,0
79764,0
79765,0
79766,0
79769,0
79770,0
79773,0
79774,0
79777,0
79779,0
79780,0
79782,0
79784,0
79787,0
79788,0
79792,0
79793,0
79798,0
79799,0
79800,0
79802,0
79807,0
79810,0
79811,0
79812,0
79814,0
79815,0
79816,0
79820,0
79822,0
79823,0
79825,0
79835,0
79838,0
79841,0
79842,0
79843,0
79845,0
79846,0
79847,0
79848,0
79849,0
79851,0
79853,0
79858,0
79863,0
79864,0
79867,0
79870,0
79872,0
79875,0
79876,0
79879,0
79882,0
79883,0
79886,0
79888,0
79889,0
79890,0
79901,0
79903,0
79904,0
79906,0
79907,0
79908,0
79909,0
79911,0
79912,0
79915,0
79916,0
79917,0
79919,0
79925,0
79926,0
79927,0
79928,0
79932,0
79933,0
79935,0
79939,0
79942,0
79947,0
79948,0
79949,0
79952,0
79954,0
79957,0
79958,0
79959,0
79961,0
79962,0
79966,0
79967,0
79968,0
79969,0
79971,0
79972,0
79976,0
79980,0
79987,0
79993,0
79994,0
79999,0
80005,0
80009,0
80012,0
80014,0
80016,0
80017,0
80021,0
80022,0
80027,0
80030,0
80031,0
80032,0
80033,0
80041,0
80044,0
80045,0
80046,0
80047,0
80048,0
80052,0
80055,0
80056,0
80059,0
80062,0
80067,0
80068,0
80070,0
80071,0
80077,0
80079,0
80081,0
80082,0
80083,0
80089,0
80090,0
80092,0
80093,0
80096,0
80108,0
80113,0
80114,0
80117,0
80123,0
80124,0
80126,0
80127,0
80128,0
80132,0
80136,0
80142,0
80144,0
80145,0
80146,0
80149,0
80152,0
80154,0
80159,0
80163,0
80164,0
80166,0
80168,0
80169,0
80172,0
80173,0
80174,0
80176,0
80178,0
80181,0
80184,0
80187,0
80193,0
80197,0
80198,0
80199,0
80207,0
80208,0
80210,0
80212,0
80213,0
80215,0
80218,0
80220,0
80221,0
80223,0
80225,0
80226,0
80228,0
80229,0
80231,0
80234,0
80237,0
80240,0
80242,0
80250,0
80252,0
80253,0
80258,0
80260,0
80263,0
80266,0
80269,0
80270,0
80272,0
80273,0
80279,0
80280,0
80287,0
80290,0
80295,0
80296,0
80297,0
80301,0
80302,0
80304,0
80305,0
80307,0
80309,0
80310,0
80314,0
80316,0
80326,0
80327,0
80328,0
80329,0
80330,0
80331,0
80334,0
80335,0
80339,0
80340,0
80341,0
80344,0
80346,0
80347,0
80350,0
80351,0
80352,0
80356,0
80361,0
80362,0
80364,0
80369,0
80370,0
80371,0
80372,0
80374,0
80375,0
80376,0
80378,0
80380,0
80382,0
80384,0
80385,0
80387,0
80390,0
80391,0
80399,0
80402,0
80404,0
80408,0
80409,0
80414,0
80415,0
80418,0
80420,0
80422,0
80423,0
80424,0
80426,0
80427,0
80428,0
80429,0
80435,0
80436,0
80438,0
80442,0
80446,0
80448,0
80449,0
80453,0
80458,0
80461,0
80464,0
80469,0
80474,0
80475,0
80476,0
80480,0
80481,0
80483,0
80484,0
80486,0
80487,0
80489,0
80491,0
80497,0
80500,0
80501,0
80503,0
80504,0
80506,0
80507,0
80510,0
80511,0
80512,0
80516,0
80517,0
80518,0
80520,0
80521,0
80522,0
80528,0
80530,0
80531,0
80532,0
80534,0
80537,0
80548,0
80552,0
80555,0
80558,0
80562,0
80565,0
80573,0
80577,0
80580,0
80583,0
80590,0
80591,0
80593,0
80594,0
80597,0
80598,0
80599,0
80600,0
80601,0
80602,0
80604,0
80607,0
80609,0
80611,0
80612,0
80613,0
80614,0
80616,0
80619,0
80621,0
80623,0
80624,0
80629,0
80631,0
80632,0
80636,0
80637,0
80638,0
80643,0
80646,0
80647,0
80649,0
80652,0
80653,0
80655,0
80660,0
80662,0
80663,0
80665,0
80667,0
80668,0
80670,0
80671,0
80672,0
80674,0
80675,0
80682,0
80684,0
80693,0
80697,0
80698,0
80699,0
80700,0
80701,0
80702,0
80705,0
80707,0
80708,0
80709,0
80710,0
80713,0
80715,0
80716,0
80717,0
80718,0
80722,0
80724,0
80725,0
80726,0
80727,0
80731,0
80733,0
80735,0
80736,0
80740,0
80741,0
80743,0
80744,0
80746,0
80751,0
80752,0
80758,0
80759,0
80763,0
80767,0
80772,0
80773,0
80774,0
80776,0
80777,0
80778,0
80779,0
80780,0
80783,0
80786,0
80789,0
80792,0
80794,0
80795,0
80796,0
80797,0
80799,0
80800,0
80802,0
80805,0
80807,0
80812,0
80816,0
80819,0
80825,0
80827,0
80829,0
80840,0
80841,0
80843,0
80845,0
80848,0
80849,0
80850,0
80851,0
80853,0
80857,0
80862,0
80863,0
80865,0
80870,0
80872,0
80873,0
80874,0
80877,0
80882,0
80883,0
80889,0
80891,0
80892,0
80894,0
80898,0
80903,0
80904,0
80907,0
80909,0
80911,0
80912,0
80914,0
80915,0
80916,0
80917,0
80919,0
80921,0
80924,0
80928,0
80929,0
80930,0
80931,0
80934,0
80936,0
80944,0
80945,0
80946,0
80947,0
80952,0
80965,0
80968,0
80970,0
80972,0
80974,0
80976,0
80977,0
80978,0
80980,0
80983,0
80984,0
80986,0
80991,0
80997,0
80998,0
80999,0
81006,0
81007,0
81008,0
81010,0
81014,0
81016,0
81017,0
81022,0
81023,0
81028,0
81030,0
81034,0
81039,0
81042,0
81046,0
81048,0
81051,0
81057,0
81063,0
81064,0
81067,0
81072,0
81073,0
81075,0
81078,0
81080,0
81084,0
81090,0
81091,0
81092,0
81095,0
81098,0
81100,0
81104,0
81105,0
81107,0
81109,0
81110,0
81112,0
81114,0
81117,0
81123,0
81128,0
81133,0
81134,0
81138,0
81140,0
81144,0
81145,0
81154,0
81155,0
81162,0
81164,0
81165,0
81166,0
81167,0
81168,0
81171,0
81174,0
81177,0
81180,0
81184,0
81187,0
81188,0
81189,0
81190,0
81193,0
81195,0
81199,0
81201,0
81203,0
81204,0
81208,0
81210,0
81214,0
81218,0
81222,0
81227,0
81228,0
81229,0
81231,0
81239,0
81245,0
81246,0
81247,0
81252,0
81259,0
81261,0
81262,0
81263,0
81270,0
81274,0
81278,0
81280,0
81281,0
81282,0
81284,0
81285,0
81287,0
81289,0
81290,0
81293,0
81295,0
81297,0
81298,0
81299,0
81300,0
81302,0
81305,0
81308,0
81309,0
81312,0
81313,0
81314,0
81315,0
81317,0
81318,0
81319,0
81322,0
81324,0
81325,0
81328,0
81331,0
81334,0
81335,0
81341,0
81345,0
81348,0
81349,0
81356,0
81361,0
81363,0
81365,0
81367,0
81368,0
81369,0
81371,0
81374,0
81376,0
81377,0
81378,0
81379,0
81389,0
81392,0
81393,0
81394,0
81399,0
81401,0
81403,0
81410,0
81412,0
81415,0
81416,0
81417,0
81418,0
81420,0
81421,0
81422,0
81429,0
81431,0
81433,0
81435,0
81436,0
81446,0
81447,0
81451,0
81452,0
81455,0
81458,0
81459,0
81460,0
81462,0
81463,0
81465,0
81466,0
81467,0
81469,0
81471,0
81472,0
81473,0
81480,0
81482,0
81485,0
81486,0
81487,0
81490,0
81491,0
81492,0
81493,0
81494,0
81497,0
81499,0
81500,0
81502,0
81504,0
81507,0
81512,0
81513,0
81515,0
81518,0
81520,0
81526,0
81528,0
81532,0
81534,0
81535,0
81536,0
81539,0
81540,0
81546,0
81549,0
81553,0
81554,0
81557,0
81560,0
81562,0
81566,0
81567,0
81571,0
81573,0
81575,0
81576,0
81578,0
81580,0
81582,0
81588,0
81591,0
81597,0
81599,0
81603,0
81604,0
81605,0
81606,0
81609,0
81611,0
81612,0
81614,0
81615,0
81617,0
81621,0
81622,0
81625,0
81628,0
81631,0
81633,0
81634,0
81635,0
81640,0
81641,0
81643,0
81645,0
81646,0
81647,0
81648,0
81650,0
81651,0
81656,0
81657,0
81660,0
81663,0
81664,0
81667,0
81670,0
81677,0
81680,0
81685,0
81687,0
81688,0
81690,0
81693,0
81694,0
81699,0
81703,0
81704,0
81709,0
81714,0
81716,0
81717,0
81718,0
81719,0
81723,0
81726,0
81727,0
81728,0
81729,0
81731,0
81733,0
81734,0
81742,0
81743,0
81745,0
81746,0
81747,0
81750,0
81751,0
81752,0
81754,0
81758,0
81762,0
81764,0
81769,0
81771,0
81772,0
81777,0
81779,0
81780,0
81785,0
81786,0
81791,0
81792,0
81795,0
81800,0
81801,0
81802,0
81806,0
81807,0
81809,0
81811,0
81815,0
81816,0
81817,0
81825,0
81828,0
81830,0
81833,0
81835,0
81840,0
81845,0
81849,0
81850,0
81851,0
81852,0
81857,0
81859,0
81860,0
81864,0
81868,0
81870,0
81872,0
81876,0
81882,0
81887,0
81892,0
81894,0
81895,0
81896,0
81897,0
81899,0
81900,0
81902,0
81903,0
81904,0
81909,0
81910,0
81911,0
81922,0
81924,0
81925,0
81929,0
81931,0
81932,0
81934,0
81936,0
81938,0
81945,0
81947,0
81948,0
81950,0
81953,0
81954,0
81956,0
81958,0
81960,0
81962,0
81965,0
81973,0
81976,0
81978,0
81979,0
81980,0
81983,0
81984,0
81987,0
81988,0
81989,0
81993,0
81996,0
81997,0
82000,0
82002,0
82004,0
82006,0
82007,0
82008,0
82010,0
82012,0
82013,0
82015,0
82020,0
82023,0
82026,0
82034,0
82037,0
82039,0
82040,0
82041,0
82049,0
82050,0
82051,0
82052,0
82053,0
82055,0
82057,0
82062,0
82064,0
82067,0
82068,0
82069,0
82071,0
82072,0
82074,0
82076,0
82078,0
82080,0
82082,0
82093,0
82099,0
82101,0
82108,0
82110,0
82116,0
82118,0
82120,0
82121,0
82130,0
82132,0
82134,0
82135,0
82140,0
82143,0
82144,0
82146,0
82149,0
82162,0
82163,0
82165,0
82167,0
82170,0
82171,0
82172,0
82176,0
82178,0
82182,0
82186,0
82188,0
82189,0
82190,0
82193,0
82195,0
82197,0
82199,0
82203,0
82205,0
82207,0
82208,0
82212,0
82213,0
82216,0
82217,0
82220,0
82221,0
82222,0
82224,0
82228,0
82234,0
82235,0
82239,0
82242,0
82245,0
82247,0
82249,0
82254,0
82261,0
82262,0
82265,0
82276,0
82278,0
82279,0
82280,0
82281,0
82283,0
82286,0
82287,0
82299,0
82303,0
82305,0
82307,0
82310,0
82317,0
82320,0
82322,0
82323,0
82325,0
82326,0
82327,0
82330,0
82331,0
82332,0
82334,0
82339,0
82342,0
82343,0
82345,0
82346,0
82354,0
82355,0
82360,0
82368,0
82370,0
82375,0
82379,0
82380,0
82382,0
82383,0
82397,0
82398,0
82399,0
82400,0
82401,0
82404,0
82405,0
82407,0
82409,0
82413,0
82415,0
82416,0
82418,0
82422,0
82424,0
82425,0
82426,0
82432,0
82434,0
82437,0
82449,0
82450,0
82451,0
82454,0
82455,0
82458,0
82459,0
82460,0
82461,0
82462,0
82466,0
82467,0
82468,0
82470,0
82477,0
82480,0
82482,0
82485,0
82486,0
82490,0
82494,0
82495,0
82499,0
82500,0
82504,0
82507,0
82511,0
82512,0
82517,0
82520,0
82524,0
82525,0
82528,0
82533,0
82536,0
82542,0
82543,0
82544,0
82545,0
82550,0
82555,0
82556,0
82562,0
82564,0
82565,0
82567,0
82572,0
82576,0
82578,0
82584,0
82585,0
82586,0
82587,0
82588,0
82589,0
82591,0
82592,0
82595,0
82596,0
82603,0
82608,0
82612,0
82613,0
82620,0
82622,0
82625,0
82628,0
82629,0
82633,0
82634,0
82635,0
82636,0
82637,0
82639,0
82644,0
82646,0
82648,0
82651,0
82656,0
82658,0
82660,0
82661,0
82663,0
82665,0
82667,0
82671,0
82673,0
82675,0
82677,0
82682,0
82684,0
82687,0
82688,0
82690,0
82691,0
82692,0
82696,0
82698,0
82701,0
82707,0
82711,0
82712,0
82713,0
82720,0
82722,0
82723,0
82724,0
82729,0
82730,0
82731,0
82733,0
82735,0
82739,0
82741,0
82744,0
82745,0
82748,0
82750,0
82752,0
82754,0
82755,0
82757,0
82759,0
82760,0
82761,0
82764,0
82766,0
82767,0
82770,0
82773,0
82777,0
82782,0
82784,0
82785,0
82791,0
82797,0
82798,0
82803,0
82805,0
82809,0
82810,0
82819,0
82832,0
82836,0
82847,0
82848,0
82849,0
82850,0
82851,0
82852,0
82855,0
82862,0
82863,0
82864,0
82866,0
82868,0
82870,0
82871,0
82872,0
82873,0
82874,0
82875,0
82881,0
82882,0
82883,0
82884,0
82891,0
82900,0
82904,0
82905,0
82906,0
82914,0
82915,0
82916,0
82918,0
82919,0
82924,0
82925,0
82931,0
82933,0
82935,0
82938,0
82939,0
82942,0
82946,0
82948,0
82949,0
82950,0
82951,0
82960,0
82962,0
82965,0
82968,0
82970,0
82973,0
82976,0
82977,0
82979,0
82981,0
82983,0
82985,0
82986,0
82994,0
82996,0
83002,0
83003,0
83005,0
83006,0
83008,0
83010,0
83011,0
83012,0
83014,0
83016,0
83017,0
83018,0
83020,0
83021,0
83025,0
83026,0
83028,0
83029,0
83030,0
83031,0
83033,0
83034,0
83036,0
83041,0
83043,0
83046,0
83047,0
83049,0
83051,0
83053,0
83054,0
83058,0
83063,0
83065,0
83066,0
83070,0
83074,0
83075,0
83080,0
83082,0
83089,0
83090,0
83091,0
83092,0
83093,0
83095,0
83097,0
83104,0
83110,0
83114,0
83117,0
83118,0
83119,0
83120,0
83124,0
83128,0
83130,0
83131,0
83133,0
83135,0
83137,0
83140,0
83141,0
83143,0
83144,0
83146,0
83152,0
83153,0
83155,0
83162,0
83164,0
83165,0
83170,0
83172,0
83183,0
83184,0
83185,0
83188,0
83193,0
83195,0
83196,0
83197,0
83199,0
83201,0
83202,0
83203,0
83204,0
83205,0
83208,0
83209,0
83213,0
83214,0
83217,0
83218,0
83220,0
83221,0
83224,0
83225,0
83226,0
83227,0
83228,0
83230,0
83234,0
83238,0
83244,0
83245,0
83248,0
83249,0
83252,0
83253,0
83254,0
83256,0
83259,0
83260,0
83263,0
83264,0
83266,0
83269,0
83270,0
83271,0
83274,0
83277,0
83278,0
83279,0
83280,0
83283,0
83284,0
83285,0
83288,0
83289,0
83293,0
83296,0
83298,0
83300,0
83301,0
83302,0
83304,0
83307,0
83308,0
83310,0
83311,0
83314,0
83316,0
83317,0
83319,0
83324,0
83325,0
83327,0
83332,0
83333,0
83338,0
83341,0
83343,0
83345,0
83346,0
83351,0
83354,0
83355,0
83358,0
83362,0
83365,0
83366,0
83369,0
83373,0
83374,0
83379,0
83380,0
83381,0
83387,0
83388,0
83391,0
83399,0
83401,0
83403,0
83408,0
83410,0
83411,0
83412,0
83414,0
83415,0
83416,0
83420,0
83423,0
83425,0
83429,0
83431,0
83438,0
83440,0
83443,0
83445,0
83446,0
83447,0
83449,0
83450,0
83452,0
83453,0
83456,0
83459,0
83461,0
83462,0
83463,0
83468,0
83469,0
83470,0
83471,0
83473,0
83474,0
83477,0
83479,0
83482,0
83484,0
83489,0
83498,0
83502,0
83505,0
83506,0
83511,0
83516,0
83518,0
83522,0
83526,0
83527,0
83528,0
83532,0
83537,0
83538,0
83542,0
83547,0
83549,0
83553,0
83554,0
83558,0
83563,0
83564,0
83565,0
83566,0
83568,0
83574,0
83576,0
83580,0
83582,0
83583,0
83586,0
83589,0
83591,0
83592,0
83593,0
83596,0
83597,0
83601,0
83602,0
83608,0
83609,0
83610,0
83612,0
83615,0
83619,0
83620,0
83622,0
83623,0
83624,0
83626,0
83628,0
83630,0
83631,0
83632,0
83633,0
83634,0
83635,0
83638,0
83639,0
83640,0
83641,0
83646,0
83651,0
83652,0
83656,0
83658,0
83660,0
83661,0
83664,0
83666,0
83669,0
83670,0
83671,0
83675,0
83676,0
83677,0
83678,0
83679,0
83680,0
83681,0
83682,0
83683,0
83684,0
83685,0
83686,0
83692,0
83693,0
83694,0
83696,0
83697,0
83699,0
83700,0
83703,0
83705,0
83706,0
83714,0
83715,0
83718,0
83719,0
83723,0
83727,0
83729,0
83731,0
83732,0
83736,0
83737,0
83738,0
83739,0
83742,0
83743,0
83746,0
83748,0
83754,0
83755,0
83756,0
83757,0
83760,0
83764,0
83767,0
83771,0
83772,0
83775,0
83776,0
83777,0
83778,0
83781,0
83783,0
83786,0
83788,0
83789,0
83794,0
83795,0
83796,0
83798,0
83799,0
83801,0
83803,0
83806,0
83808,0
83813,0
83815,0
83819,0
83821,0
83823,0
83824,0
83827,0
83829,0
83834,0
83840,0
83843,0
83844,0
83845,0
83847,0
83848,0
83850,0
83851,0
83853,0
83859,0
83861,0
83863,0
83864,0
83866,0
83869,0
83870,0
83872,0
83875,0
83876,0
83877,0
83878,0
83884,0
83885,0
83887,0
83893,0
83895,0
83896,0
83897,0
83904,0
83914,0
83915,0
83917,0
83918,0
83921,0
83922,0
83924,0
83927,0
83930,0
83934,0
83936,0
83942,0
83943,0
83947,0
83948,0
83949,0
83953,0
83955,0
83956,0
83964,0
83968,0
83976,0
83982,0
83983,0
83985,0
83986,0
83989,0
83990,0
83994,0
83995,0
83996,0
83999,0
84001,0
84003,0
84005,0
84006,0
84007,0
84011,0
84012,0
84017,0
84019,0
84020,0
84022,0
84023,0
84025,0
84029,0
84031,0
84034,0
84035,0
84040,0
84041,0
84045,0
84051,0
84052,0
84055,0
84056,0
84058,0
84063,0
84066,0
84068,0
84072,0
84073,0
84074,0
84075,0
84077,0
84079,0
84085,0
84086,0
84087,0
84088,0
84089,0
84092,0
84093,0
84099,0
84100,0
84102,0
84103,0
84104,0
84105,0
84108,0
84113,0
84114,0
84115,0
84117,0
84118,0
84119,0
84123,0
84129,0
84133,0
84136,0
84141,0
84142,0
84146,0
84148,0
84150,0
84151,0
84152,0
84154,0
84155,0
84157,0
84165,0
84169,0
84170,0
84171,0
84173,0
84174,0
84176,0
84178,0
84179,0
84181,0
84182,0
84187,0
84188,0
84189,0
84193,0
84196,0
84197,0
84201,0
84203,0
84205,0
84206,0
84207,0
84211,0
84212,0
84214,0
84215,0
84216,0
84217,0
84218,0
84220,0
84222,0
84223,0
84224,0
84225,0
84226,0
84228,0
84231,0
84234,0
84235,0
84239,0
84241,0
84243,0
84245,0
84247,0
84248,0
84249,0
84252,0
84253,0
84254,0
84255,0
84256,0
84259,0
84264,0
84269,0
84271,0
84272,0
84273,0
84274,0
84276,0
84283,0
84285,0
84289,0
84290,0
84293,0
84296,0
84297,0
84298,0
84300,0
84303,0
84305,0
84306,0
84308,0
84311,0
84312,0
84313,0
84316,0
84322,0
84323,0
84324,0
84326,0
84328,0
84329,0
84331,0
84332,0
84333,0
84334,0
84335,0
84337,0
84338,0
84340,0
84343,0
84344,0
84345,0
84348,0
84350,0
84352,0
84355,0
84357,0
84359,0
84360,0
84363,0
84368,0
84371,0
84372,0
84374,0
84376,0
84377,0
84382,0
84383,0
84384,0
84387,0
84388,0
84389,0
84393,0
84394,0
84396,0
84398,0
84399,0
84400,0
84401,0
84402,0
84403,0
84404,0
84409,0
84413,0
84418,0
84419,0
84420,0
84422,0
84423,0
84424,0
84425,0
84426,0
84427,0
84428,0
84429,0
84430,0
84433,0
84434,0
84435,0
84436,0
84437,0
84439,0
84440,0
84447,0
84448,0
84449,0
84454,0
84455,0
84457,0
84458,0
84460,0
84470,0
84472,0
84482,0
84483,0
84484,0
84486,0
84487,0
84489,0
84490,0
84492,0
84495,0
84497,0
84499,0
84504,0
84506,0
84508,0
84509,0
84513,0
84514,0
84516,0
84517,0
84521,0
84522,0
84524,0
84525,0
84529,0
84530,0
84533,0
84543,0
84556,0
84558,0
84561,0
84562,0
84564,0
84565,0
84566,0
84567,0
84571,0
84577,0
84586,0
84588,0
84592,0
84593,0
84602,0
84604,0
84607,0
84613,0
84616,0
84621,0
84624,0
84625,0
84628,0
84630,0
84631,0
84632,0
84636,0
84639,0
84640,0
84643,0
84651,0
84654,0
84656,0
84664,0
84665,0
84666,0
84667,0
84668,0
84669,0
84671,0
84674,0
84675,0
84676,0
84677,0
84681,0
84687,0
84688,0
84690,0
84692,0
84698,0
84701,0
84704,0
84705,0
84708,0
84712,0
84713,0
84714,0
84715,0
84716,0
84718,0
84721,0
84722,0
84724,0
84726,0
84732,0
84733,0
84734,0
84736,0
84742,0
84744,0
84745,0
84749,0
84750,0
84754,0
84757,0
84760,0
84764,0
84771,0
84773,0
84774,0
84776,0
84777,0
84778,0
84779,0
84785,0
84788,0
84789,0
84791,0
84792,0
84793,0
84794,0
84796,0
84798,0
84802,0
84810,0
84813,0
84814,0
84815,0
84821,0
84823,0
84824,0
84831,0
84835,0
84838,0
84839,0
84844,0
84846,0
84849,0
84853,0
84856,0
84862,0
84866,0
84867,0
84868,0
84869,0
84871,0
84875,0
84879,0
84880,0
84882,0
84883,0
84884,0
84889,0
84899,0
84900,0
84901,0
84904,0
84905,0
84907,0
84908,0
84912,0
84914,0
84915,0
84916,0
84917,0
84918,0
84920,0
84926,0
84928,0
84929,0
84930,0
84931,0
84934,0
84939,0
84940,0
84941,0
84946,0
84954,0
84956,0
84958,0
84960,0
84961,0
84962,0
84963,0
84964,0
84965,0
84966,0
84972,0
84976,0
84978,0
84984,0
84992,0
84994,0
84995,0
84999,0
85004,0
85010,0
85012,0
85013,0
85014,0
85018,0
85020,0
85022,0
85027,0
85031,0
85034,0
85037,0
85039,0
85040,0
85048,0
85051,0
85055,0
85056,0
85059,0
85061,0
85065,0
85067,0
85068,0
85073,0
85076,0
85078,0
85079,0
85083,0
85086,0
85087,0
85089,0
85090,0
85092,0
85093,0
85096,0
85103,0
85109,0
85110,0
85112,0
85114,0
85116,0
85119,0
85121,0
85122,0
85123,0
85124,0
85125,0
85126,0
85128,0
85131,0
85133,0
85134,0
85140,0
85142,0
85145,0
85150,0
85151,0
85152,0
85153,0
85154,0
85156,0
85160,0
85162,0
85166,0
85168,0
85171,0
85172,0
85174,0
85175,0
85177,0
85180,0
85183,0
85185,0
85186,0
85187,0
85192,0
85193,0
85194,0
85195,0
85196,0
85198,0
85202,0
85205,0
85207,0
85208,0
85209,0
85210,0
85212,0
85213,0
85215,0
85221,0
85224,0
85226,0
85228,0
85232,0
85233,0
85234,0
85241,0
85242,0
85243,0
85245,0
85249,0
85250,0
85255,0
85259,0
85261,0
85262,0
85263,0
85267,0
85268,0
85270,0
85271,0
85272,0
85281,0
85283,0
85288,0
85290,0
85295,0
85296,0
85298,0
85304,0
85307,0
85309,0
85310,0
85313,0
85318,0
85319,0
85320,0
85325,0
85334,0
85336,0
85337,0
85340,0
85341,0
85342,0
85345,0
85347,0
85349,0
85350,0
85356,0
85357,0
85359,0
85361,0
85362,0
85364,0
85365,0
85366,0
85372,0
85373,0
85378,0
85380,0
85381,0
85382,0
85383,0
85384,0
85386,0
85388,0
85389,0
85393,0
85395,0
85399,0
85401,0
85404,0
85406,0
85407,0
85410,0
85412,0
85413,0
85417,0
85421,0
85422,0
85424,0
85427,0
85428,0
85435,0
85440,0
85442,0
85448,0
85450,0
85451,0
85452,0
85453,0
85454,0
85458,0
85459,0
85461,0
85463,0
85465,0
85466,0
85469,0
85470,0
85473,0
85474,0
85475,0
85477,0
85478,0
85486,0
85487,0
85488,0
85490,0
85492,0
85496,0
85497,0
85498,0
85499,0
85500,0
85503,0
85504,0
85505,0
85509,0
85510,0
85514,0
85520,0
85522,0
85523,0
85524,0
85528,0
85531,0
85534,0
85535,0
85536,0
85537,0
85538,0
85540,0
85542,0
85549,0
85550,0
85556,0
85560,0
85561,0
85563,0
85564,0
85566,0
85567,0
85569,0
85572,0
85574,0
85584,0
85589,0
85590,0
85591,0
85594,0
85602,0
85603,0
85604,0
85606,0
85607,0
85608,0
85610,0
85611,0
85613,0
85614,0
85615,0
85617,0
85618,0
85620,0
85621,0
85623,0
85627,0
85628,0
85632,0
85633,0
85634,0
85637,0
85645,0
85649,0
85650,0
85651,0
85656,0
85658,0
85662,0
85664,0
85666,0
85667,0
85669,0
85676,0
85678,0
85680,0
85682,0
85683,0
85684,0
85685,0
85686,0
85691,0
85692,0
85693,0
85694,0
85695,0
85697,0
85699,0
85703,0
85704,0
85705,0
85707,0
85710,0
85712,0
85713,0
85715,0
85716,0
85718,0
85720,0
85732,0
85733,0
85734,0
85735,0
85742,0
85744,0
85747,0
85748,0
85750,0
85751,0
85756,0
85757,0
85759,0
85760,0
85761,0
85763,0
85766,0
85771,0
85772,0
85773,0
85775,0
85777,0
85780,0
85782,0
85783,0
85784,0
85785,0
85788,0
85789,0
85790,0
85791,0
85796,0
85798,0
85805,0
85808,0
85811,0
85812,0
85813,0
85816,0
85818,0
85819,0
85820,0
85828,0
85829,0
85837,0
85838,0
85841,0
85842,0
85845,0
85846,0
85851,0
85853,0
85859,0
85860,0
85861,0
85865,0
85866,0
85873,0
85875,0
85878,0
85883,0
85884,0
85886,0
85887,0
85888,0
85891,0
85892,0
85894,0
85899,0
85900,0
85902,0
85908,0
85910,0
85912,0
85915,0
85917,0
85919,0
85920,0
85921,0
85922,0
85925,0
85931,0
85933,0
85934,0
85936,0
85937,0
85938,0
85941,0
85944,0
85953,0
85954,0
85955,0
85958,0
85959,0
85961,0
85963,0
85966,0
85967,0
85970,0
85971,0
85972,0
85973,0
85974,0
85975,0
85979,0
85982,0
85985,0
85988,0
85991,0
85993,0
85996,0
85997,0
86003,0
86004,0
86006,0
86007,0
86009,0
86010,0
86015,0
86016,0
86018,0
86020,0
86023,0
86024,0
86025,0
86026,0
86027,0
86030,0
86031,0
86033,0
86034,0
86038,0
86042,0
86045,0
86048,0
86054,0
86055,0
86060,0
86063,0
86065,0
86066,0
86069,0
86071,0
86072,0
86073,0
86074,0
86076,0
86078,0
86081,0
86083,0
86084,0
86085,0
86086,0
86090,0
86091,0
86092,0
86100,0
86101,0
86102,0
86103,0
86104,0
86105,0
86106,0
86112,0
86114,0
86115,0
86117,0
86122,0
86124,0
86129,0
86130,0
86131,0
86132,0
86134,0
86137,0
86139,0
86140,0
86142,0
86143,0
86144,0
86148,0
86153,0
86154,0
86155,0
86157,0
86158,0
86159,0
86161,0
86164,0
86167,0
86168,0
86170,0
86172,0
86179,0
86184,0
86188,0
86189,0
86191,0
86192,0
86194,0
86197,0
86199,0
86204,0
86205,0
86207,0
86209,0
86211,0
86213,0
86215,0
86216,0
86217,0
86220,0
86221,0
86223,0
86224,0
86226,0
86227,0
86231,0
86233,0
86235,0
86236,0
86237,0
86238,0
86239,0
86241,0
86242,0
86243,0
86246,0
86254,0
86258,0
86262,0
86265,0
86269,0
86270,0
86271,0
86276,0
86277,0
86280,0
86281,0
86285,0
86286,0
86288,0
86290,0
86291,0
86297,0
86298,0
86299,0
86302,0
86307,0
86310,0
86312,0
86313,0
86316,0
86320,0
86321,0
86324,0
86327,0
86328,0
86331,0
86334,0
86336,0
86337,0
86341,0
86344,0
86345,0
86347,0
86348,0
86351,0
86353,0
86356,0
86363,0
86372,0
86375,0
86377,0
86384,0
86386,0
86387,0
86388,0
86390,0
86393,0
86395,0
86397,0
86403,0
86405,0
86406,0
86411,0
86413,0
86414,0
86416,0
86423,0
86424,0
86431,0
86437,0
86438,0
86441,0
86444,0
86445,0
86448,0
86450,0
86454,0
86455,0
86456,0
86457,0
86459,0
86461,0
86462,0
86467,0
86469,0
86471,0
86472,0
86473,0
86479,0
86483,0
86486,0
86487,0
86490,0
86491,0
86492,0
86494,0
86501,0
86504,0
86505,0
86511,0
86517,0
86518,0
86521,0
86525,0
86529,0
86531,0
86534,0
86536,0
86541,0
86542,0
86543,0
86545,0
86550,0
86552,0
86553,0
86554,0
86558,0
86560,0
86562,0
86564,0
86566,0
86567,0
86569,0
86573,0
86575,0
86577,0
86582,0
86584,0
86585,0
86587,0
86588,0
86589,0
86590,0
86591,0
86592,0
86594,0
86597,0
86601,0
86603,0
86605,0
86606,0
86609,0
86615,0
86616,0
86618,0
86619,0
86620,0
86622,0
86625,0
86626,0
86628,0
86629,0
86630,0
86632,0
86638,0
86639,0
86649,0
86650,0
86654,0
86655,0
86656,0
86661,0
86663,0
86665,0
86668,0
86669,0
86672,0
86673,0
86676,0
86677,0
86679,0
86680,0
86683,0
86690,0
86691,0
86693,0
86695,0
86697,0
86698,0
86700,0
86701,0
86702,0
86704,0
86705,0
86709,0
86710,0
86711,0
86714,0
86717,0
86718,0
86722,0
86723,0
86724,0
86726,0
86727,0
86732,0
86734,0
86735,0
86736,0
86738,0
86739,0
86741,0
86744,0
86745,0
86746,0
86751,0
86752,0
86753,0
86755,0
86757,0
86758,0
86762,0
86763,0
86765,0
86766,0
86770,0
86771,0
86775,0
86778,0
86779,0
86780,0
86784,0
86785,0
86786,0
86788,0
86793,0
86794,0
86795,0
86796,0
86797,0
86799,0
86801,0
86803,0
86806,0
86809,0
86812,0
86814,0
86816,0
86818,0
86819,0
86821,0
86822,0
86825,0
86827,0
86830,0
86831,0
86834,0
86835,0
86838,0
86841,0
86842,0
86843,0
86844,0
86846,0
86848,0
86849,0
86852,0
86865,0
86867,0
86869,0
86870,0
86876,0
86880,0
86884,0
86886,0
86892,0
86895,0
86897,0
86901,0
86903,0
86904,0
86909,0
86913,0
86919,0
86920,0
86924,0
86930,0
86934,0
86935,0
86937,0
86949,0
86950,0
86955,0
86957,0
86958,0
86961,0
86962,0
86963,0
86964,0
86966,0
86969,0
86972,0
86974,0
86975,0
86977,0
86978,0
86982,0
86984,0
86987,0
86990,0
86991,0
86993,0
86999,0
87000,0
87003,0
87004,0
87005,0
87008,0
87009,0
87010,0
87016,0
87017,0
87025,0
87026,0
87029,0
87031,0
87039,0
87040,0
87041,0
87045,0
87047,0
87049,0
87050,0
87053,0
87054,0
87058,0
87060,0
87061,0
87062,0
87066,0
87069,0
87070,0
87075,0
87080,0
87081,0
87082,0
87083,0
87087,0
87088,0
87089,0
87093,0
87095,0
87096,0
87098,0
87102,0
87105,0
87106,0
87107,0
87108,0
87111,0
87114,0
87116,0
87118,0
87119,0
87123,0
87124,0
87128,0
87131,0
87133,0
87135,0
87137,0
87143,0
87144,0
87147,0
87148,0
87149,0
87151,0
87152,0
87157,0
87158,0
87159,0
87165,0
87167,0
87169,0
87170,0
87172,0
87176,0
87177,0
87179,0
87182,0
87185,0
87187,0
87189,0
87190,0
87191,0
87192,0
87193,0
87202,0
87203,0
87208,0
87209,0
87212,0
87214,0
87216,0
87217,0
87218,0
87225,0
87227,0
87229,0
87230,0
87233,0
87237,0
87241,0
87243,0
87244,0
87247,0
87249,0
87251,0
87253,0
87257,0
87258,0
87264,0
87271,0
87273,0
87274,0
87275,0
87276,0
87277,0
87278,0
87279,0
87282,0
87284,0
87286,0
87292,0
87293,0
87298,0
87299,0
87300,0
87302,0
87303,0
87305,0
87308,0
87312,0
87313,0
87316,0
87317,0
87319,0
87324,0
87325,0
87326,0
87328,0
87330,0
87331,0
87332,0
87333,0
87337,0
87339,0
87341,0
87345,0
87348,0
87350,0
87353,0
87354,0
87355,0
87361,0
87362,0
87363,0
87368,0
87371,0
87373,0
87376,0
87378,0
87382,0
87385,0
87387,0
87389,0
87400,0
87401,0
87403,0
87405,0
87406,0
87408,0
87411,0
87412,0
87413,0
87418,0
87420,0
87422,0
87423,0
87424,0
87425,0
87426,0
87428,0
87430,0
87432,0
87436,0
87439,0
87440,0
87444,0
87445,0
87448,0
87449,0
87453,0
87457,0
87458,0
87460,0
87463,0
87465,0
87466,0
87469,0
87470,0
87475,0
87477,0
87478,0
87480,0
87482,0
87485,0
87487,0
87488,0
87489,0
87490,0
87491,0
87496,0
87500,0
87502,0
87505,0
87506,0
87510,0
87514,0
87515,0
87518,0
87519,0
87520,0
87521,0
87524,0
87526,0
87527,0
87530,0
87531,0
87540,0
87541,0
87544,0
87545,0
87551,0
87552,0
87553,0
87554,0
87556,0
87559,0
87560,0
87564,0
87565,0
87566,0
87567,0
87568,0
87571,0
87577,0
87578,0
87579,0
87580,0
87582,0
87584,0
87585,0
87590,0
87592,0
87593,0
87594,0
87595,0
87604,0
87608,0
87615,0
87617,0
87618,0
87619,0
87623,0
87628,0
87634,0
87636,0
87638,0
87640,0
87642,0
87643,0
87646,0
87650,0
87654,0
87657,0
87658,0
87660,0
87663,0
87665,0
87674,0
87675,0
87676,0
87682,0
87683,0
87684,0
87687,0
87689,0
87691,0
87692,0
87699,0
87701,0
87702,0
87705,0
87707,0
87709,0
87711,0
87712,0
87716,0
87718,0
87721,0
87722,0
87723,0
87725,0
87727,0
87729,0
87730,0
87731,0
87732,0
87735,0
87740,0
87741,0
87742,0
87743,0
87744,0
87746,0
87747,0
87751,0
87754,0
87756,0
87758,0
87763,0
87767,0
87769,0
87770,0
87771,0
87779,0
87780,0
87781,0
87785,0
87786,0
87788,0
87791,0
87796,0
87801,0
87802,0
87803,0
87804,0
87807,0
87809,0
87814,0
87818,0
87822,0
87823,0
87824,0
87826,0
87832,0
87834,0
87836,0
87837,0
87840,0
87841,0
87844,0
87846,0
87849,0
87853,0
87854,0
87856,0
87860,0
87862,0
87864,0
87865,0
87866,0
87874,0
87876,0
87881,0
87883,0
87884,0
87890,0
87891,0
87892,0
87896,0
87897,0
87902,0
87903,0
87906,0
87908,0
87913,0
87916,0
87917,0
87919,0
87921,0
87923,0
87927,0
87932,0
87939,0
87944,0
87950,0
87951,0
87952,0
87953,0
87954,0
87955,0
87958,0
87959,0
87961,0
87962,0
87963,0
87967,0
87970,0
87975,0
87980,0
87984,0
87986,0
87987,0
87988,0
88000,0
88001,0
88002,0
88005,0
88006,0
88008,0
88009,0
88010,0
88012,0
88014,0
88018,0
88021,0
88025,0
88027,0
88028,0
88030,0
88031,0
88032,0
88033,0
88034,0
88035,0
88036,0
88039,0
88042,0
88047,0
88049,0
88051,0
88053,0
88054,0
88055,0
88058,0
88059,0
88061,0
88063,0
88064,0
88066,0
88069,0
88071,0
88079,0
88080,0
88082,0
88083,0
88084,0
88086,0
88090,0
88092,0
88095,0
88100,0
88102,0
88103,0
88104,0
88108,0
88111,0
88115,0
88117,0
88118,0
88121,0
88122,0
88126,0
88127,0
88130,0
88135,0
88136,0
88147,0
88152,0
88158,0
88162,0
88166,0
88167,0
88168,0
88169,0
88171,0
88173,0
88177,0
88182,0
88183,0
88184,0
88185,0
88186,0
88195,0
88197,0
88199,0
88203,0
88206,0
88209,0
88210,0
88213,0
88215,0
88218,0
88219,0
88221,0
88224,0
88227,0
88233,0
88234,0
88238,0
88239,0
88243,0
88244,0
88247,0
88249,0
88250,0
88253,0
88254,0
88256,0
88257,0
88259,0
88260,0
88264,0
88266,0
88269,0
88271,0
88272,0
88274,0
88277,0
88281,0
88283,0
88284,0
88288,0
88289,0
88296,0
88300,0
88302,0
88303,0
88304,0
88305,0
88306,0
88309,0
88312,0
88315,0
88321,0
88323,0
88325,0
88328,0
88332,0
88338,0
88339,0
88341,0
88342,0
88343,0
88345,0
88346,0
88347,0
88348,0
88352,0
88354,0
88356,0
88362,0
88366,0
88367,0
88368,0
88371,0
88373,0
88375,0
88379,0
88380,0
88381,0
88382,0
88383,0
88386,0
88389,0
88390,0
88392,0
88396,0
88397,0
88399,0
88402,0
88403,0
88410,0
88413,0
88415,0
88416,0
88418,0
88422,0
88434,0
88438,0
88439,0
88442,0
88445,0
88450,0
88457,0
88459,0
88464,0
88465,0
88468,0
88469,0
88473,0
88475,0
88478,0
88479,0
88480,0
88481,0
88482,0
88485,0
88493,0
88496,0
88497,0
88498,0
88503,0
88504,0
88508,0
88510,0
88512,0
88515,0
88516,0
88524,0
88526,0
88527,0
88529,0
88532,0
88537,0
88538,0
88543,0
88545,0
88547,0
88548,0
88553,0
88554,0
88558,0
88561,0
88565,0
88566,0
88569,0
88570,0
88576,0
88577,0
88578,0
88579,0
88580,0
88582,0
88587,0
88589,0
88590,0
88591,0
88593,0
88596,0
88601,0
88603,0
88604,0
88605,0
88607,0
88608,0
88610,0
88615,0
88616,0
88617,0
88631,0
88633,0
88635,0
88636,0
88637,0
88640,0
88644,0
88646,0
88649,0
88650,0
88651,0
88660,0
88663,0
88671,0
88672,0
88674,0
88677,0
88678,0
88679,0
88680,0
88683,0
88686,0
88687,0
88689,0
88693,0
88697,0
88698,0
88699,0
88700,0
88708,0
88709,0
88710,0
88711,0
88712,0
88716,0
88720,0
88723,0
88729,0
88730,0
88731,0
88732,0
88734,0
88737,0
88738,0
88742,0
88744,0
88745,0
88746,0
88748,0
88750,0
88754,0
88755,0
88756,0
88758,0
88760,0
88763,0
88771,0
88772,0
88774,0
88775,0
88777,0
88779,0
88780,0
88783,0
88785,0
88786,0
88788,0
88796,0
88797,0
88799,0
88801,0
88802,0
88803,0
88804,0
88807,0
88809,0
88813,0
88816,0
88818,0
88819,0
88825,0
88826,0
88827,0
88828,0
88839,0
88842,0
88843,0
88844,0
88847,0
88848,0
88855,0
88858,0
88861,0
88863,0
88864,0
88865,0
88868,0
88871,0
88873,0
88875,0
88877,0
88881,0
88882,0
88886,0
88888,0
88893,0
88898,0
88900,0
88902,0
88903,0
88906,0
88908,0
88909,0
88910,0
88916,0
88918,0
88926,0
88927,0
88928,0
88930,0
88932,0
88933,0
88934,0
88936,0
88937,0
88938,0
88943,0
88946,0
88951,0
88955,0
88957,0
88959,0
88960,0
88961,0
88962,0
88964,0
88966,0
88967,0
88974,0
88977,0
88982,0
88983,0
88989,0
88991,0
88992,0
88993,0
88999,0
89000,0
89005,0
89008,0
89011,0
89014,0
89019,0
89023,0
89029,0
89030,0
89034,0
89036,0
89038,0
89042,0
89044,0
89046,0
89049,0
89051,0
89052,0
89054,0
89063,0
89065,0
89066,0
89070,0
89071,0
89074,0
89075,0
89078,0
89079,0
89080,0
89082,0
89087,0
89089,0
89090,0
89092,0
89097,0
89098,0
89099,0
89101,0
89102,0
89105,0
89106,0
89107,0
89109,0
89110,0
89111,0
89112,0
89113,0
89117,0
89119,0
89120,0
89121,0
89122,0
89123,0
89127,0
89132,0
89133,0
89135,0
89138,0
89141,0
89144,0
89148,0
89149,0
89151,0
89156,0
89159,0
89164,0
89168,0
89169,0
89170,0
89171,0
89172,0
89175,0
89178,0
89180,0
89181,0
89185,0
89186,0
89187,0
89192,0
89196,0
89205,0
89206,0
89209,0
89214,0
89218,0
89222,0
89223,0
89225,0
89226,0
89230,0
89238,0
89239,0
89240,0
89241,0
89248,0
89253,0
89254,0
89257,0
89258,0
89259,0
89265,0
89267,0
89268,0
89271,0
89272,0
89279,0
89285,0
89289,0
89290,0
89291,0
89293,0
89294,0
89295,0
89296,0
89298,0
89299,0
89301,0
89305,0
89310,0
89311,0
89313,0
89316,0
89317,0
89319,0
89320,0
89321,0
89322,0
89324,0
89327,0
89328,0
89331,0
89332,0
89335,0
89338,0
89339,0
89342,0
89344,0
89346,0
89347,0
89348,0
89353,0
89355,0
89356,0
89357,0
89362,0
89363,0
89366,0
89369,0
89372,0
89373,0
89374,0
89375,0
89376,0
89383,0
89386,0
89387,0
89388,0
89389,0
89394,0
89397,0
89403,0
89404,0
89406,0
89410,0
89413,0
89415,0
89418,0
89422,0
89423,0
89424,0
89425,0
89427,0
89430,0
89433,0
89437,0
89438,0
89439,0
89441,0
89442,0
89446,0
89447,0
89452,0
89454,0
89456,0
89460,0
89461,0
89465,0
89477,0
89479,0
89480,0
89481,0
89483,0
89484,0
89487,0
89489,0
89496,0
89499,0
89504,0
89505,0
89506,0
89510,0
89511,0
89512,0
89513,0
89516,0
89518,0
89520,0
89522,0
89524,0
89527,0
89528,0
89531,0
89534,0
89535,0
89537,0
89538,0
89544,0
89547,0
89548,0
89550,0
89554,0
89557,0
89560,0
89561,0
89562,0
89563,0
89568,0
89572,0
89576,0
89580,0
89581,0
89582,0
89585,0
89587,0
89591,0
89593,0
89595,0
89596,0
89598,0
89599,0
89606,0
89608,0
89610,0
89611,0
89612,0
89614,0
89615,0
89617,0
89619,0
89622,0
89627,0
89628,0
89629,0
89631,0
89633,0
89636,0
89637,0
89638,0
89639,0
89640,0
89651,0
89653,0
89654,0
89655,0
89658,0
89659,0
89661,0
89664,0
89666,0
89667,0
89668,0
89669,0
89670,0
89673,0
89675,0
89676,0
89677,0
89678,0
89689,0
89690,0
89691,0
89693,0
89694,0
89697,0
89699,0
89700,0
89703,0
89704,0
89705,0
89713,0
89714,0
89716,0
89720,0
89726,0
89727,0
89729,0
89731,0
89733,0
89734,0
89736,0
89737,0
89738,0
89741,0
89742,0
89744,0
89745,0
89747,0
89749,0
89751,0
89758,0
89761,0
89766,0
89770,0
89772,0
89773,0
89774,0
89776,0
89778,0
89779,0
89781,0
89782,0
89783,0
89784,0
89792,0
89793,0
89794,0
89799,0
89800,0
89801,0
89803,0
89804,0
89809,0
89810,0
89811,0
89812,0
89813,0
89814,0
89815,0
89817,0
89820,0
89821,0
89825,0
89827,0
89829,0
89830,0
89832,0
89833,0
89838,0
89843,0
89844,0
89845,0
89847,0
89848,0
89850,0
89856,0
89857,0
89859,0
89863,0
89864,0
89869,0
89870,0
89873,0
89874,0
89875,0
89882,0
89883,0
89884,0
89887,0
89889,0
89894,0
89897,0
89898,0
89899,0
89906,0
89907,0
89909,0
89911,0
89912,0
89916,0
89918,0
89919,0
89920,0
89921,0
89924,0
89928,0
89929,0
89939,0
89942,0
89944,0
89947,0
89950,0
89951,0
89954,0
89955,0
89956,0
89957,0
89960,0
89965,0
89967,0
89969,0
89973,0
89974,0
89975,0
89978,0
89979,0
89980,0
89982,0
89983,0
89990,0
89995,0
89998,0
89999,0
90000,0
90002,0
90005,0
90006,0
90009,0
90010,0
90011,0
90012,0
90015,0
90017,0
90023,0
90025,0
90029,0
90031,0
90035,0
90036,0
90041,0
90043,0
90045,0
90048,0
90050,0
90051,0
90055,0
90059,0
90065,0
90066,0
90068,0
90069,0
90072,0
90076,0
90077,0
90084,0
90088,0
90093,0
90094,0
90097,0
90098,0
90107,0
90109,0
90110,0
90111,0
90115,0
90117,0
90119,0
90130,0
90135,0
90137,0
90140,0
90142,0
90143,0
90144,0
90147,0
90149,0
90151,0
90155,0
90156,0
90159,0
90162,0
90163,0
90165,0
90171,0
90172,0
90175,0
90179,0
90181,0
90183,0
90185,0
90186,0
90187,0
90190,0
90193,0
90200,0
90201,0
90204,0
90216,0
90218,0
90219,0
90221,0
90222,0
90226,0
90227,0
90229,0
90230,0
90231,0
90235,0
90236,0
90239,0
90240,0
90242,0
90243,0
90244,0
90245,0
90246,0
90249,0
90253,0
90254,0
90255,0
90261,0
90262,0
90263,0
90268,0
90271,0
90273,0
90274,0
90275,0
90281,0
90282,0
90283,0
90284,0
90285,0
90288,0
90292,0
90296,0
90297,0
90298,0
90299,0
90300,0
90301,0
90302,0
90303,0
90304,0
90305,0
90306,0
90307,0
90308,0
90310,0
90314,0
90317,0
90319,0
90327,0
90328,0
90329,0
90331,0
90333,0
90335,0
90337,0
90340,0
90341,0
90344,0
90348,0
90349,0
90356,0
90357,0
90359,0
90362,0
90363,0
90364,0
90365,0
90367,0
90371,0
90373,0
90374,0
90375,0
90377,0
90379,0
90383,0
90384,0
90386,0
90398,0
90400,0
90403,0
90404,0
90406,0
90408,0
90410,0
90413,0
90414,0
90419,0
90425,0
90426,0
90428,0
90434,0
90436,0
90439,0
90440,0
90441,0
90443,0
90445,0
90446,0
90448,0
90449,0
90451,0
90455,0
90458,0
90460,0
90461,0
90468,0
90472,0
90474,0
90478,0
90481,0
90482,0
90483,0
90485,0
90487,0
90490,0
90493,0
90498,0
90499,0
90503,0
90510,0
90511,0
90518,0
90519,0
90522,0
90527,0
90530,0
90531,0
90532,0
90535,0
90542,0
90545,0
90546,0
90550,0
90551,0
90552,0
90554,0
90556,0
90557,0
90558,0
90560,0
90567,0
90568,0
90569,0
90570,0
90571,0
90573,0
90574,0
90575,0
90577,0
90579,0
90580,0
90582,0
90583,0
90584,0
90588,0
90589,0
90590,0
90593,0
90597,0
90599,0
90601,0
90602,0
90605,0
90606,0
90607,0
90609,0
90610,0
90611,0
90612,0
90615,0
90616,0
90617,0
90620,0
90624,0
90633,0
90634,0
90635,0
90636,0
90640,0
90642,0
90644,0
90647,0
90648,0
90649,0
90650,0
90654,0
90658,0
90659,0
90664,0
90667,0
90668,0
90669,0
90675,0
90679,0
90694,0
90696,0
90697,0
90699,0
90703,0
90705,0
90708,0
90709,0
90711,0
90712,0
90716,0
90718,0
90721,0
90727,0
90728,0
90730,0
90732,0
90734,0
90735,0
90737,0
90738,0
90740,0
90742,0
90743,0
90744,0
90745,0
90746,0
90747,0
90752,0
90753,0
90756,0
90760,0
90761,0
90762,0
90763,0
90764,0
90765,0
90768,0
90769,0
90772,0
90773,0
90778,0
90780,0
90781,0
90787,0
90788,0
90789,0
90796,0
90797,0
90804,0
90806,0
90807,0
90809,0
90810,0
90811,0
90813,0
90815,0
90818,0
90824,0
90825,0
90827,0
90829,0
90832,0
90843,0
90844,0
90845,0
90846,0
90847,0
90848,0
90850,0
90853,0
90854,0
90859,0
90861,0
90862,0
90867,0
90869,0
90870,0
90871,0
90873,0
90876,0
90877,0
90878,0
90879,0
90880,0
90886,0
90888,0
90890,0
90891,0
90892,0
90895,0
90896,0
90897,0
90901,0
90902,0
90906,0
90911,0
90912,0
90915,0
90918,0
90920,0
90924,0
90928,0
90930,0
90934,0
90935,0
90940,0
90944,0
90948,0
90949,0
90950,0
90954,0
90960,0
90963,0
90964,0
90972,0
90973,0
90978,0
90980,0
90981,0
90985,0
90986,0
90989,0
90990,0
90994,0
90996,0
90997,0
91000,0
91001,0
91003,0
91006,0
91008,0
91009,0
91011,0
91016,0
91017,0
91019,0
91020,0
91021,0
91023,0
91024,0
91025,0
91027,0
91031,0
91033,0
91034,0
91035,0
91037,0
91038,0
91041,0
91042,0
91043,0
91045,0
91047,0
91049,0
91051,0
91052,0
91062,0
91065,0
91070,0
91071,0
91073,0
91074,0
91079,0
91080,0
91083,0
91084,0
91086,0
91087,0
91091,0
91093,0
91097,0
91099,0
91103,0
91104,0
91105,0
91107,0
91108,0
91109,0
91111,0
91115,0
91117,0
91119,0
91124,0
91125,0
91133,0
91136,0
91141,0
91145,0
91146,0
91148,0
91151,0
91153,0
91154,0
91159,0
91160,0
91166,0
91172,0
91175,0
91178,0
91179,0
91183,0
91186,0
91189,0
91190,0
91193,0
91194,0
91198,0
91199,0
91200,0
91202,0
91208,0
91211,0
91212,0
91217,0
91219,0
91220,0
91221,0
91225,0
91229,0
91232,0
91233,0
91234,0
91237,0
91238,0
91241,0
91242,0
91246,0
91250,0
91251,0
91252,0
91254,0
91257,0
91259,0
91260,0
91261,0
91266,0
91267,0
91269,0
91272,0
91275,0
91277,0
91282,0
91283,0
91284,0
91285,0
91286,0
91288,0
91290,0
91293,0
91294,0
91296,0
91297,0
91301,0
91302,0
91305,0
91313,0
91315,0
91317,0
91318,0
91319,0
91325,0
91326,0
91327,0
91333,0
91335,0
91338,0
91344,0
91346,0
91348,0
91351,0
91352,0
91356,0
91357,0
91360,0
91361,0
91367,0
91372,0
91375,0
91378,0
91381,0
91382,0
91383,0
91386,0
91389,0
91390,0
91391,0
91395,0
91397,0
91398,0
91401,0
91402,0
91403,0
91404,0
91407,0
91409,0
91410,0
91412,0
91413,0
91415,0
91420,0
91424,0
91425,0
91428,0
91429,0
91430,0
91432,0
91433,0
91435,0
91438,0
91440,0
91444,0
91446,0
91447,0
91452,0
91454,0
91459,0
91470,0
91471,0
91472,0
91474,0
91484,0
91486,0
91492,0
91494,0
91495,0
91498,0
91500,0
91504,0
91505,0
91506,0
91507,0
91508,0
91509,0
91514,0
91517,0
91518,0
91523,0
91526,0
91531,0
91533,0
91535,0
91541,0
91542,0
91544,0
91551,0
91552,0
91556,0
91560,0
91562,0
91563,0
91567,0
91573,0
91576,0
91577,0
91579,0
91582,0
91584,0
91586,0
91588,0
91589,0
91591,0
91592,0
91593,0
91594,0
91596,0
91597,0
91598,0
91599,0
91602,0
91608,0
91609,0
91611,0
91617,0
91620,0
91621,0
91622,0
91623,0
91625,0
91627,0
91629,0
91633,0
91636,0
91644,0
91648,0
91652,0
91653,0
91654,0
91655,0
91657,0
91659,0
91662,0
91664,0
91665,0
91668,0
91673,0
91678,0
91680,0
91681,0
91685,0
91687,0
91688,0
91691,0
91692,0
91700,0
91709,0
91710,0
91712,0
91717,0
91719,0
91720,0
91722,0
91731,0
91734,0
91735,0
91738,0
91739,0
91742,0
91745,0
91746,0
91748,0
91750,0
91753,0
91755,0
91758,0
91760,0
91764,0
91765,0
91767,0
91768,0
91770,0
91772,0
91774,0
91778,0
91788,0
91789,0
91791,0
91795,0
91796,0
91798,0
91800,0
91802,0
91806,0
91810,0
91813,0
91815,0
91816,0
91817,0
91818,0
91821,0
91824,0
91825,0
91828,0
91830,0
91833,0
91835,0
91836,0
91837,0
91841,0
91842,0
91844,0
91845,0
91848,0
91850,0
91851,0
91855,0
91859,0
91863,0
91865,0
91868,0
91870,0
91872,0
91875,0
91877,0
91878,0
91879,0
91883,0
91886,0
91887,0
91888,0
91894,0
91895,0
91899,0
91900,0
91904,0
91905,0
91906,0
91908,0
91910,0
91912,0
91915,0
91916,0
91920,0
91926,0
91927,0
91928,0
91929,0
91931,0
91932,0
91940,0
91941,0
91945,0
91947,0
91950,0
91956,0
91957,0
91958,0
91959,0
91964,0
91967,0
91968,0
91972,0
91977,0
91980,0
91981,0
91985,0
91986,0
91987,0
91993,0
92001,0
92006,0
92007,0
92009,0
92010,0
92011,0
92014,0
92015,0
92016,0
92017,0
92018,0
92019,0
92020,0
92021,0
92022,0
92027,0
92029,0
92030,0
92031,0
92032,0
92033,0
92034,0
92038,0
92041,0
92042,0
92044,0
92045,0
92046,0
92047,0
92051,0
92052,0
92053,0
92054,0
92055,0
92060,0
92063,0
92065,0
92071,0
92073,0
92075,0
92076,0
92081,0
92083,0
92084,0
92085,0
92087,0
92088,0
92089,0
92090,0
92101,0
92102,0
92103,0
92105,0
92109,0
92110,0
92111,0
92115,0
92116,0
92119,0
92120,0
92122,0
92123,0
92124,0
92125,0
92127,0
92132,0
92133,0
92135,0
92138,0
92140,0
92142,0
92145,0
92150,0
92152,0
92155,0
92159,0
92161,0
92162,0
92163,0
92165,0
92166,0
92173,0
92174,0
92175,0
92176,0
92177,0
92178,0
92181,0
92183,0
92184,0
92186,0
92191,0
92193,0
92195,0
92198,0
92200,0
92202,0
92204,0
92207,0
92210,0
92213,0
92215,0
92216,0
92222,0
92224,0
92226,0
92227,0
92231,0
92235,0
92237,0
92238,0
92241,0
92248,0
92249,0
92251,0
92253,0
92254,0
92255,0
92257,0
92260,0
92263,0
92264,0
92265,0
92266,0
92267,0
92268,0
92269,0
92273,0
92274,0
92276,0
92278,0
92279,0
92286,0
92291,0
92292,0
92293,0
92296,0
92297,0
92300,0
92301,0
92304,0
92306,0
92311,0
92315,0
92316,0
92317,0
92318,0
92328,0
92329,0
92332,0
92335,0
92336,0
92337,0
92338,0
92340,0
92345,0
92346,0
92347,0
92348,0
92349,0
92354,0
92356,0
92358,0
92368,0
92370,0
92375,0
92377,0
92378,0
92379,0
92380,0
92385,0
92386,0
92387,0
92389,0
92390,0
92393,0
92394,0
92396,0
92402,0
92412,0
92415,0
92417,0
92418,0
92422,0
92424,0
92426,0
92428,0
92429,0
92430,0
92431,0
92432,0
92438,0
92441,0
92442,0
92444,0
92445,0
92447,0
92448,0
92449,0
92458,0
92463,0
92465,0
92471,0
92478,0
92483,0
92485,0
92494,0
92496,0
92498,0
92499,0
92506,0
92511,0
92513,0
92516,0
92519,0
92524,0
92525,0
92530,0
92533,0
92534,0
92537,0
92538,0
92539,0
92540,0
92541,0
92543,0
92544,0
92547,0
92550,0
92556,0
92558,0
92559,0
92563,0
92568,0
92571,0
92572,0
92574,0
92578,0
92582,0
92586,0
92587,0
92589,0
92591,0
92592,0
92597,0
92600,0
92602,0
92603,0
92607,0
92610,0
92612,0
92615,0
92622,0
92624,0
92625,0
92626,0
92629,0
92632,0
92634,0
92637,0
92639,0
92640,0
92642,0
92646,0
92648,0
92656,0
92657,0
92659,0
92661,0
92664,0
92666,0
92667,0
92668,0
92670,0
92671,0
92672,0
92673,0
92675,0
92677,0
92678,0
92680,0
92684,0
92689,0
92690,0
92691,0
92695,0
92698,0
92700,0
92701,0
92703,0
92704,0
92709,0
92714,0
92717,0
92721,0
92722,0
92731,0
92733,0
92734,0
92735,0
92736,0
92744,0
92745,0
92747,0
92748,0
92752,0
92753,0
92754,0
92756,0
92757,0
92759,0
92760,0
92767,0
92768,0
92770,0
92772,0
92773,0
92778,0
92782,0
92788,0
92789,0
92790,0
92791,0
92792,0
92794,0
92797,0
92798,0
92801,0
92803,0
92804,0
92811,0
92813,0
92814,0
92817,0
92819,0
92820,0
92821,0
92824,0
92825,0
92826,0
92828,0
92830,0
92833,0
92835,0
92836,0
92840,0
92848,0
92849,0
92850,0
92851,0
92853,0
92854,0
92862,0
92863,0
92864,0
92866,0
92868,0
92870,0
92871,0
92873,0
92874,0
92878,0
92879,0
92881,0
92888,0
92891,0
92895,0
92899,0
92900,0
92902,0
92903,0
92904,0
92905,0
92909,0
92910,0
92912,0
92923,0
92924,0
92927,0
92928,0
92932,0
92933,0
92934,0
92939,0
92942,0
92943,0
92944,0
92955,0
92959,0
92960,0
92963,0
92965,0
92967,0
92968,0
92969,0
92971,0
92972,0
92974,0
92975,0
92976,0
92978,0
92981,0
92984,0
92985,0
92990,0
92991,0
92993,0
92996,0
92999,0
93002,0
93006,0
93008,0
93012,0
93014,0
93015,0
93017,0
93020,0
93024,0
93027,0
93029,0
93031,0
93032,0
93035,0
93036,0
93041,0
93042,0
93050,0
93054,0
93055,0
93058,0
93059,0
93061,0
93063,0
93065,0
93066,0
93070,0
93071,0
93073,0
93079,0
93081,0
93082,0
93084,0
93085,0
93087,0
93089,0
93090,0
93093,0
93097,0
93102,0
93104,0
93106,0
93107,0
93110,0
93111,0
93112,0
93115,0
93120,0
93123,0
93126,0
93131,0
93132,0
93142,0
93145,0
93146,0
93147,0
93149,0
93150,0
93151,0
93153,0
93154,0
93158,0
93160,0
93163,0
93164,0
93171,0
93173,0
93177,0
93179,0
93182,0
93183,0
93188,0
93191,0
93195,0
93199,0
93203,0
93208,0
93216,0
93218,0
93220,0
93223,0
93227,0
93228,0
93229,0
93234,0
93235,0
93237,0
93239,0
93241,0
93243,0
93250,0
93255,0
93256,0
93257,0
93258,0
93263,0
93264,0
93266,0
93269,0
93271,0
93274,0
93275,0
93278,0
93280,0
93283,0
93285,0
93287,0
93289,0
93291,0
93294,0
93295,0
93296,0
93297,0
93302,0
93304,0
93305,0
93308,0
93309,0
93310,0
93314,0
93315,0
93317,0
93323,0
93328,0
93330,0
93332,0
93333,0
93340,0
93341,0
93342,0
93346,0
93347,0
93352,0
93354,0
93355,0
93356,0
93358,0
93362,0
93363,0
93365,0
93367,0
93372,0
93378,0
93382,0
93383,0
93384,0
93385,0
93386,0
93387,0
93389,0
93390,0
93393,0
93394,0
93399,0
93400,0
93407,0
93409,0
93411,0
93413,0
93417,0
93418,0
93422,0
93424,0
93426,0
93427,0
93431,0
93434,0
93435,0
93438,0
93439,0
93441,0
93443,0
93444,0
93446,0
93450,0
93452,0
93454,0
93455,0
93456,0
93462,0
93465,0
93468,0
93474,0
93478,0
93479,0
93482,0
93485,0
93487,0
93490,0
93492,0
93493,0
93498,0
93500,0
93506,0
93509,0
93518,0
93522,0
93526,0
93530,0
93531,0
93538,0
93540,0
93542,0
93544,0
93545,0
93547,0
93548,0
93552,0
93554,0
93558,0
93562,0
93564,0
93567,0
93573,0
93575,0
93581,0
93582,0
93583,0
93584,0
93585,0
93592,0
93593,0
93595,0
93599,0
93600,0
93603,0
93609,0
93615,0
93618,0
93620,0
93621,0
93623,0
93625,0
93632,0
93633,0
93635,0
93645,0
93648,0
93653,0
93654,0
93658,0
93659,0
93661,0
93664,0
93665,0
93668,0
93669,0
93670,0
93673,0
93675,0
93678,0
93679,0
93681,0
93683,0
93688,0
93689,0
93691,0
93698,0
93699,0
93700,0
93704,0
93706,0
93707,0
93714,0
93715,0
93719,0
93723,0
93726,0
93728,0
93733,0
93738,0
93739,0
93740,0
93743,0
93744,0
93746,0
93751,0
93757,0
93763,0
93769,0
93772,0
93773,0
93774,0
93775,0
93777,0
93778,0
93782,0
93783,0
93785,0
93787,0
93794,0
93798,0
93799,0
93804,0
93808,0
93809,0
93810,0
93811,0
93817,0
93821,0
93823,0
93828,0
93831,0
93833,0
93837,0
93838,0
93840,0
93841,0
93843,0
93846,0
93847,0
93850,0
93855,0
93856,0
93859,0
93862,0
93863,0
93865,0
93866,0
93868,0
93869,0
93873,0
93874,0
93876,0
93878,0
93880,0
93881,0
93886,0
93888,0
93889,0
93890,0
93891,0
93892,0
93894,0
93895,0
93910,0
93915,0
93917,0
93919,0
93927,0
93928,0
93930,0
93934,0
93935,0
93939,0
93940,0
93946,0
93947,0
93948,0
93951,0
93953,0
93955,0
93959,0
93964,0
93966,0
93968,0
93969,0
93972,0
93973,0
93976,0
93977,0
93978,0
93979,0
93980,0
93982,0
93995,0
93996,0
94003,0
94005,0
94007,0
94010,0
94012,0
94013,0
94014,0
94016,0
94018,0
94019,0
94023,0
94024,0
94026,0
94027,0
94032,0
94036,0
94038,0
94042,0
94043,0
94044,0
94045,0
94047,0
94050,0
94053,0
94054,0
94059,0
94060,0
94062,0
94065,0
94069,0
94070,0
94073,0
94074,0
94075,0
94077,0
94080,0
94083,0
94085,0
94086,0
94088,0
94092,0
94093,0
94094,0
94099,0
94101,0
94104,0
94107,0
94108,0
94110,0
94115,0
94120,0
94122,0
94124,0
94125,0
94126,0
94127,0
94128,0
94130,0
94132,0
94134,0
94135,0
94137,0
94141,0
94142,0
94153,0
94156,0
94157,0
94158,0
94159,0
94164,0
94165,0
94169,0
94173,0
94174,0
94176,0
94179,0
94180,0
94181,0
94183,0
94184,0
94188,0
94191,0
94193,0
94197,0
94198,0
94199,0
94205,0
94206,0
94207,0
94208,0
94209,0
94213,0
94215,0
94216,0
94217,0
94220,0
94222,0
94224,0
94225,0
94227,0
94228,0
94231,0
94240,0
94242,0
94244,0
94251,0
94252,0
94255,0
94257,0
94263,0
94264,0
94265,0
94268,0
94271,0
94273,0
94274,0
94275,0
94277,0
94288,0
94291,0
94295,0
94296,0
94297,0
94299,0
94306,0
94308,0
94309,0
94310,0
94317,0
94320,0
94321,0
94330,0
94332,0
94334,0
94335,0
94339,0
94340,0
94341,0
94344,0
94345,0
94346,0
94347,0
94350,0
94352,0
94353,0
94358,0
94361,0
94363,0
94364,0
94370,0
94374,0
94382,0
94383,0
94386,0
94388,0
94392,0
94394,0
94395,0
94401,0
94405,0
94406,0
94407,0
94408,0
94409,0
94411,0
94419,0
94421,0
94425,0
94427,0
94429,0
94431,0
94432,0
94437,0
94439,0
94441,0
94445,0
94447,0
94448,0
94450,0
94453,0
94456,0
94457,0
94462,0
94465,0
94466,0
94467,0
94472,0
94473,0
94480,0
94481,0
94488,0
94494,0
94497,0
94498,0
94504,0
94505,0
94510,0
94515,0
94517,0
94520,0
94530,0
94531,0
94533,0
94535,0
94536,0
94549,0
94551,0
94554,0
94557,0
94562,0
94563,0
94564,0
94566,0
94567,0
94569,0
94573,0
94574,0
94579,0
94581,0
94583,0
94584,0
94585,0
94587,0
94589,0
94592,0
94594,0
94596,0
94598,0
94601,0
94603,0
94604,0
94610,0
94612,0
94617,0
94619,0
94622,0
94625,0
94626,0
94630,0
94631,0
94633,0
94635,0
94637,0
94638,0
94639,0
94640,0
94641,0
94643,0
94644,0
94646,0
94648,0
94652,0
94654,0
94655,0
94656,0
94657,0
94659,0
94660,0
94662,0
94663,0
94666,0
94667,0
94668,0
94669,0
94670,0
94674,0
94677,0
94681,0
94691,0
94692,0
94695,0
94696,0
94701,0
94702,0
94704,0
94705,0
94706,0
94708,0
94709,0
94710,0
94712,0
94716,0
94717,0
94718,0
94719,0
94720,0
94723,0
94724,0
94725,0
94729,0
94733,0
94735,0
94738,0
94743,0
94744,0
94745,0
94750,0
94751,0
94752,0
94759,0
94760,0
94762,0
94763,0
94769,0
94775,0
94778,0
94779,0
94780,0
94781,0
94782,0
94783,0
94788,0
94790,0
94793,0
94796,0
94797,0
94799,0
94801,0
94802,0
94807,0
94810,0
94814,0
94819,0
94822,0
94823,0
94824,0
94825,0
94828,0
94831,0
94834,0
94835,0
94836,0
94840,0
94842,0
94843,0
94845,0
94849,0
94853,0
94855,0
94858,0
94862,0
94863,0
94867,0
94868,0
94869,0
94871,0
94874,0
94882,0
94883,0
94888,0
94889,0
94891,0
94896,0
94897,0
94900,0
94901,0
94906,0
94909,0
94911,0
94912,0
94918,0
94920,0
94924,0
94925,0
94927,0
94930,0
94932,0
94935,0
94938,0
94943,0
94944,0
94945,0
94946,0
94953,0
94954,0
94956,0
94959,0
94960,0
94961,0
94964,0
94966,0
94970,0
94971,0
94972,0
94973,0
94976,0
94980,0
94983,0
94987,0
94988,0
94989,0
94994,0
94996,0
95010,0
95015,0
95018,0
95019,0
95022,0
95025,0
95026,0
95028,0
95031,0
95032,0
95033,0
95035,0
95036,0
95038,0
95041,0
95045,0
95046,0
95051,0
95052,0
95053,0
95054,0
95056,0
95063,0
95068,0
95069,0
95073,0
95078,0
95079,0
95080,0
95083,0
95084,0
95085,0
95092,0
95094,0
95096,0
95097,0
95100,0
95103,0
95106,0
95107,0
95110,0
95112,0
95115,0
95122,0
95124,0
95125,0
95132,0
95134,0
95138,0
95142,0
95145,0
95147,0
95149,0
95151,0
95153,0
95160,0
95164,0
95165,0
95171,0
95172,0
95174,0
95175,0
95176,0
95177,0
95178,0
95181,0
95182,0
95186,0
95187,0
95188,0
95190,0
95193,0
95194,0
95195,0
95196,0
95203,0
95204,0
95206,0
95207,0
95212,0
95213,0
95217,0
95220,0
95224,0
95232,0
95233,0
95238,0
95240,0
95245,0
95246,0
95248,0
95252,0
95257,0
95258,0
95263,0
95266,0
95267,0
95270,0
95271,0
95272,0
95273,0
95276,0
95282,0
95283,0
95289,0
95292,0
95297,0
95298,0
95301,0
95303,0
95304,0
95306,0
95308,0
95311,0
95313,0
95314,0
95316,0
95317,0
95318,0
95319,0
95320,0
95322,0
95328,0
95329,0
95331,0
95332,0
95333,0
95334,0
95335,0
95336,0
95338,0
95340,0
95341,0
95344,0
95351,0
95352,0
95356,0
95357,0
95363,0
95364,0
95367,0
95370,0
95371,0
95372,0
95376,0
95378,0
95380,0
95381,0
95385,0
95387,0
95391,0
95394,0
95398,0
95399,0
95401,0
95402,0
95403,0
95410,0
95415,0
95416,0
95417,0
95420,0
95422,0
95424,0
95427,0
95429,0
95434,0
95437,0
95439,0
95446,0
95450,0
95451,0
95455,0
95459,0
95462,0
95465,0
95467,0
95474,0
95475,0
95488,0
95489,0
95490,0
95494,0
95496,0
95497,0
95500,0
95501,0
95507,0
95509,0
95512,0
95518,0
95522,0
95525,0
95527,0
95528,0
95529,0
95532,0
95534,0
95535,0
95543,0
95551,0
95556,0
95558,0
95563,0
95568,0
95570,0
95574,0
95576,0
95577,0
95579,0
95580,0
95582,0
95586,0
95598,0
95606,0
95608,0
95611,0
95612,0
95614,0
95616,0
95618,0
95622,0
95623,0
95624,0
95625,0
95627,0
95629,0
95630,0
95631,0
95633,0
95634,0
95636,0
95639,0
95640,0
95641,0
95648,0
95653,0
95656,0
95657,0
95659,0
95665,0
95666,0
95667,0
95668,0
95672,0
95675,0
95682,0
95685,0
95689,0
95699,0
95707,0
95708,0
95711,0
95712,0
95714,0
95716,0
95718,0
95722,0
95723,0
95724,0
95733,0
95735,0
95736,0
95737,0
95738,0
95739,0
95740,0
95744,0
95747,0
95750,0
95754,0
95757,0
95758,0
95763,0
95765,0
95766,0
95767,0
95770,0
95774,0
95777,0
95778,0
95782,0
95784,0
95785,0
95787,0
95791,0
95793,0
95794,0
95795,0
95798,0
95801,0
95804,0
95811,0
95812,0
95813,0
95815,0
95821,0
95824,0
95826,0
95829,0
95830,0
95835,0
95837,0
95838,0
95844,0
95845,0
95846,0
95848,0
95849,0
95850,0
95852,0
95853,0
95854,0
95855,0
95857,0
95860,0
95863,0
95865,0
95866,0
95868,0
95870,0
95873,0
95877,0
95878,0
95879,0
95880,0
95882,0
95883,0
95885,0
95889,0
95893,0
95899,0
95900,0
95903,0
95906,0
95907,0
95908,0
95909,0
95912,0
95913,0
95917,0
95920,0
95926,0
95928,0
95929,0
95935,0
95940,0
95942,0
95945,0
95946,0
95947,0
95950,0
95953,0
95956,0
95959,0
95963,0
95966,0
95967,0
95970,0
95974,0
95975,0
95978,0
95984,0
95985,0
95987,0
95991,0
95994,0
95996,0
95998,0
96000,0
96009,0
96014,0
96015,0
96018,0
96020,0
96026,0
96028,0
96030,0
96031,0
96035,0
96039,0
96040,0
96041,0
96042,0
96049,0
96050,0
96051,0
96054,0
96055,0
96058,0
96060,0
96068,0
96071,0
96072,0
96074,0
96075,0
96076,0
96077,0
96078,0
96082,0
96084,0
96086,0
96088,0
96089,0
96091,0
96093,0
96094,0
96095,0
96096,0
96099,0
96100,0
96101,0
96104,0
96109,0
96110,0
96112,0
96113,0
96120,0
96122,0
96123,0
96128,0
96129,0
96130,0
96132,0
96141,0
96148,0
96151,0
96156,0
96158,0
96159,0
96160,0
96161,0
96166,0
96167,0
96169,0
96170,0
96172,0
96174,0
96175,0
96177,0
96178,0
96180,0
96184,0
96191,0
96195,0
96198,0
96202,0
96203,0
96204,0
96205,0
96206,0
96209,0
96213,0
96214,0
96215,0
96216,0
96219,0
96223,0
96224,0
96225,0
96226,0
96228,0
96229,0
96230,0
96231,0
96232,0
96236,0
96237,0
96239,0
96241,0
96243,0
96249,0
96250,0
96252,0
96253,0
96255,0
96256,0
96257,0
96265,0
96266,0
96268,0
96269,0
96270,0
96272,0
96273,0
96274,0
96277,0
96278,0
96280,0
96281,0
96284,0
96286,0
96287,0
96292,0
96294,0
96295,0
96296,0
96297,0
96301,0
96305,0
96306,0
96307,0
96308,0
96310,0
96311,0
96313,0
96318,0
96320,0
96321,0
96323,0
96327,0
96331,0
96337,0
96339,0
96340,0
96343,0
96352,0
96353,0
96356,0
96357,0
96358,0
96360,0
96362,0
96363,0
96364,0
96368,0
96371,0
96374,0
96375,0
96378,0
96380,0
96381,0
96382,0
96384,0
96386,0
96388,0
96389,0
96390,0
96391,0
96392,0
96394,0
96397,0
96398,0
96400,0
96406,0
96408,0
96409,0
96416,0
96417,0
96422,0
96430,0
96433,0
96434,0
96437,0
96439,0
96441,0
96442,0
96446,0
96449,0
96452,0
96453,0
96454,0
96460,0
96462,0
96469,0
96473,0
96476,0
96483,0
96485,0
96486,0
96489,0
96490,0
96494,0
96495,0
96501,0
96503,0
96505,0
96507,0
96515,0
96517,0
96519,0
96527,0
96532,0
96533,0
96534,0
96536,0
96539,0
96543,0
96544,0
96550,0
96552,0
96556,0
96563,0
96564,0
96565,0
96566,0
96569,0
96578,0
96583,0
96586,0
96588,0
96594,0
96598,0
96604,0
96606,0
96624,0
96626,0
96628,0
96631,0
96634,0
96636,0
96639,0
96645,0
96648,0
96649,0
96650,0
96652,0
96653,0
96655,0
96656,0
96663,0
96665,0
96666,0
96668,0
96674,0
96676,0
96678,0
96686,0
96692,0
96693,0
96697,0
96699,0
96700,0
96703,0
96704,0
96705,0
96706,0
96708,0
96713,0
96717,0
96718,0
96719,0
96720,0
96721,0
96723,0
96726,0
96727,0
96728,0
96733,0
96735,0
96738,0
96742,0
96744,0
96747,0
96748,0
96749,0
96751,0
96753,0
96754,0
96760,0
96762,0
96764,0
96765,0
96766,0
96767,0
96770,0
96771,0
96772,0
96773,0
96774,0
96775,0
96777,0
96785,0
96789,0
96790,0
96793,0
96794,0
96795,0
96797,0
96798,0
96801,0
96806,0
96809,0
96813,0
96816,0
96817,0
96820,0
96821,0
96822,0
96827,0
96832,0
96833,0
96841,0
96850,0
96858,0
96864,0
96866,0
96868,0
96869,0
96876,0
96881,0
96884,0
96885,0
96886,0
96887,0
96890,0
96892,0
96893,0
96895,0
96896,0
96899,0
96900,0
96901,0
96904,0
96906,0
96908,0
96910,0
96913,0
96915,0
96922,0
96928,0
96934,0
96939,0
96940,0
96943,0
96944,0
96946,0
96948,0
96951,0
96952,0
96954,0
96958,0
96960,0
96963,0
96967,0
96968,0
96969,0
96970,0
96971,0
96972,0
96974,0
96975,0
96976,0
96977,0
96978,0
96979,0
96983,0
96984,0
96986,0
96987,0
96988,0
96998,0
97000,0
97001,0
97002,0
97004,0
97005,0
97006,0
97007,0
97008,0
97010,0
97013,0
97016,0
97018,0
97020,0
97021,0
97023,0
97024,0
97025,0
97027,0
97031,0
97034,0
97038,0
97041,0
97051,0
97053,0
97054,0
97059,0
97063,0
97066,0
97069,0
97070,0
97077,0
97081,0
97084,0
97086,0
97087,0
97088,0
97089,0
97090,0
97091,0
97092,0
97094,0
97098,0
97100,0
97104,0
97111,0
97114,0
97115,0
97119,0
97120,0
97122,0
97127,0
97128,0
97129,0
97130,0
97132,0
97135,0
97136,0
97137,0
97141,0
97143,0
97145,0
97149,0
97152,0
97153,0
97154,0
97157,0
97158,0
97159,0
97163,0
97169,0
97170,0
97175,0
97176,0
97178,0
97180,0
97183,0
97184,0
97186,0
97191,0
97194,0
97199,0
97200,0
97202,0
97203,0
97205,0
97207,0
97209,0
97215,0
97220,0
97225,0
97226,0
97227,0
97228,0
97231,0
97235,0
97239,0
97241,0
97243,0
97246,0
97249,0
97251,0
97256,0
97257,0
97259,0
97263,0
97267,0
97269,0
97270,0
97274,0
97276,0
97277,0
97279,0
97280,0
97285,0
97290,0
97292,0
97293,0
97297,0
97301,0
97304,0
97311,0
97312,0
97313,0
97315,0
97318,0
97320,0
97323,0
97324,0
97325,0
97327,0
97328,0
97329,0
97330,0
97334,0
97335,0
97336,0
97337,0
97339,0
97344,0
97347,0
97349,0
97353,0
97355,0
97359,0
97361,0
97367,0
97369,0
97370,0
97373,0
97377,0
97378,0
97379,0
97380,0
97385,0
97386,0
97387,0
97390,0
97391,0
97392,0
97395,0
97396,0
97397,0
97398,0
97399,0
97401,0
97402,0
97403,0
97404,0
97405,0
97406,0
97407,0
97408,0
97414,0
97417,0
97419,0
97422,0
97425,0
97428,0
97434,0
97435,0
97436,0
97438,0
97442,0
97444,0
97450,0
97451,0
97453,0
97456,0
97457,0
97458,0
97459,0
97460,0
97463,0
97466,0
97467,0
97468,0
97476,0
97478,0
97481,0
97482,0
97484,0
97487,0
97488,0
97490,0
97496,0
97497,0
97498,0
97503,0
97506,0
97507,0
97508,0
97511,0
97512,0
97513,0
97514,0
97515,0
97516,0
97522,0
97530,0
97533,0
97534,0
97536,0
97537,0
97541,0
97543,0
97547,0
97550,0
97551,0
97552,0
97556,0
97558,0
97563,0
97569,0
97570,0
97573,0
97587,0
97595,0
97599,0
97600,0
97603,0
97604,0
97607,0
97608,0
97609,0
97614,0
97615,0
97619,0
97620,0
97621,0
97631,0
97636,0
97638,0
97642,0
97646,0
97651,0
97653,0
97656,0
97657,0
97658,0
97659,0
97660,0
97662,0
97665,0
97669,0
97670,0
97672,0
97673,0
97674,0
97675,0
97676,0
97678,0
97679,0
97682,0
97684,0
97685,0
97686,0
97688,0
97689,0
97690,0
97696,0
97698,0
97700,0
97702,0
97704,0
97707,0
97708,0
97709,0
97712,0
97713,0
97714,0
97717,0
97718,0
97719,0
97720,0
97725,0
97726,0
97728,0
97729,0
97731,0
97732,0
97737,0
97739,0
97742,0
97745,0
97746,0
97749,0
97750,0
97754,0
97755,0
97757,0
97759,0
97760,0
97764,0
97767,0
97769,0
97770,0
97777,0
97781,0
97783,0
97784,0
97788,0
97790,0
97791,0
97793,0
97795,0
97803,0
97808,0
97810,0
97811,0
97812,0
97813,0
97816,0
97818,0
97821,0
97822,0
97824,0
97827,0
97829,0
97837,0
97838,0
97842,0
97848,0
97849,0
97850,0
97851,0
97852,0
97854,0
97860,0
97864,0
97869,0
97870,0
97872,0
97874,0
97877,0
97881,0
97885,0
97895,0
97896,0
97897,0
97898,0
97906,0
97909,0
97914,0
97915,0
97917,0
97918,0
97919,0
97921,0
97924,0
97925,0
97926,0
97936,0
97937,0
97940,0
97944,0
97946,0
97950,0
97951,0
97959,0
97960,0
97961,0
97962,0
97964,0
97965,0
97967,0
97968,0
97970,0
97973,0
97979,0
97980,0
97981,0
97982,0
97989,0
97992,0
97993,0
97996,0
98003,0
98005,0
98006,0
98008,0
98016,0
98018,0
98022,0
98024,0
98025,0
98027,0
98031,0
98032,0
98038,0
98041,0
98044,0
98046,0
98048,0
98049,0
98056,0
98059,0
98061,0
98063,0
98067,0
98068,0
98069,0
98071,0
98072,0
98073,0
98074,0
98077,0
98078,0
98079,0
98081,0
98085,0
98086,0
98089,0
98092,0
98093,0
98094,0
98098,0
98101,0
98102,0
98107,0
98110,0
98112,0
98113,0
98115,0
98116,0
98117,0
98119,0
98132,0
98133,0
98134,0
98135,0
98140,0
98141,0
98142,0
98143,0
98144,0
98145,0
98146,0
98151,0
98152,0
98154,0
98157,0
98158,0
98159,0
98160,0
98162,0
98165,0
98168,0
98170,0
98174,0
98175,0
98176,0
98177,0
98180,0
98182,0
98187,0
98192,0
98196,0
98197,0
98199,0
98200,0
98202,0
98206,0
98207,0
98211,0
98212,0
98213,0
98214,0
98218,0
98219,0
98221,0
98224,0
98228,0
98230,0
98233,0
98237,0
98239,0
98241,0
98242,0
98245,0
98246,0
98249,0
98250,0
98254,0
98258,0
98259,0
98260,0
98262,0
98264,0
98269,0
98272,0
98274,0
98276,0
98282,0
98283,0
98285,0
98293,0
98294,0
98299,0
98300,0
98303,0
98306,0
98307,0
98308,0
98309,0
98311,0
98313,0
98315,0
98316,0
98328,0
98333,0
98335,0
98337,0
98339,0
98340,0
98341,0
98342,0
98343,0
98347,0
98348,0
98355,0
98359,0
98360,0
98362,0
98369,0
98370,0
98372,0
98376,0
98379,0
98381,0
98382,0
98383,0
98385,0
98389,0
98391,0
98393,0
98396,0
98397,0
98403,0
98407,0
98415,0
98418,0
98421,0
98422,0
98424,0
98426,0
98428,0
98430,0
98436,0
98441,0
98442,0
98443,0
98445,0
98447,0
98448,0
98449,0
98450,0
98454,0
98456,0
98460,0
98461,0
98463,0
98468,0
98475,0
98478,0
98484,0
98487,0
98488,0
98489,0
98492,0
98494,0
98495,0
98506,0
98514,0
98516,0
98519,0
98526,0
98527,0
98529,0
98533,0
98535,0
98544,0
98545,0
98548,0
98549,0
98552,0
98555,0
98557,0
98561,0
98564,0
98565,0
98567,0
98571,0
98572,0
98579,0
98583,0
98589,0
98590,0
98591,0
98594,0
98597,0
98599,0
98600,0
98601,0
98602,0
98603,0
98607,0
98611,0
98613,0
98614,0
98616,0
98617,0
98618,0
98619,0
98621,0
98624,0
98628,0
98631,0
98633,0
98635,0
98640,0
98643,0
98644,0
98654,0
98658,0
98659,0
98660,0
98661,0
98662,0
98664,0
98666,0
98671,0
98673,0
98678,0
98680,0
98681,0
98687,0
98691,0
98693,0
98697,0
98699,0
98700,0
98704,0
98705,0
98709,0
98710,0
98711,0
98712,0
98713,0
98718,0
98720,0
98721,0
98722,0
98724,0
98725,0
98727,0
98732,0
98733,0
98734,0
98735,0
98736,0
98737,0
98738,0
98739,0
98741,0
98754,0
98755,0
98759,0
98760,0
98761,0
98762,0
98764,0
98770,0
98773,0
98777,0
98779,0
98780,0
98781,0
98784,0
98788,0
98790,0
98791,0
98792,0
98796,0
98799,0
98800,0
98803,0
98808,0
98810,0
98811,0
98812,0
98814,0
98816,0
98817,0
98818,0
98821,0
98823,0
98826,0
98827,0
98830,0
98834,0
98837,0
98838,0
98839,0
98841,0
98842,0
98845,0
98850,0
98851,0
98858,0
98860,0
98861,0
98863,0
98870,0
98872,0
98874,0
98877,0
98883,0
98885,0
98890,0
98892,0
98895,0
98900,0
98901,0
98902,0
98905,0
98907,0
98909,0
98913,0
98915,0
98924,0
98926,0
98929,0
98930,0
98936,0
98938,0
98940,0
98942,0
98944,0
98949,0
98951,0
98952,0
98953,0
98954,0
98957,0
98962,0
98963,0
98965,0
98969,0
98970,0
98976,0
98978,0
98981,0
98982,0
98985,0
98986,0
98988,0
98991,0
98996,0
98997,0
99004,0
99006,0
99014,0
99015,0
99017,0
99018,0
99019,0
99021,0
99023,0
99024,0
99026,0
99027,0
99029,0
99031,0
99035,0
99037,0
99042,0
99050,0
99055,0
99056,0
99061,0
99062,0
99063,0
99065,0
99066,0
99067,0
99072,0
99074,0
99075,0
99076,0
99078,0
99094,0
99098,0
99104,0
99105,0
99106,0
99107,0
99108,0
99110,0
99113,0
99115,0
99118,0
99122,0
99124,0
99125,0
99126,0
99129,0
99130,0
99132,0
99134,0
99137,0
99140,0
99144,0
99145,0
99146,0
99149,0
99151,0
99152,0
99155,0
99156,0
99159,0
99164,0
99167,0
99168,0
99169,0
99170,0
99171,0
99172,0
99173,0
99175,0
99177,0
99178,0
99179,0
99186,0
99188,0
99190,0
99193,0
99202,0
99203,0
99204,0
99206,0
99209,0
99211,0
99212,0
99215,0
99217,0
99221,0
99224,0
99227,0
99230,0
99231,0
99233,0
99242,0
99247,0
99248,0
99254,0
99256,0
99262,0
99263,0
99264,0
99266,0
99267,0
99268,0
99270,0
99271,0
99272,0
99274,0
99278,0
99282,0
99285,0
99288,0
99289,0
99294,0
99295,0
99297,0
99299,0
99300,0
99301,0
99305,0
99306,0
99309,0
99311,0
99315,0
99316,0
99319,0
99322,0
99324,0
99327,0
99329,0
99333,0
99335,0
99343,0
99345,0
99347,0
99348,0
99351,0
99353,0
99356,0
99357,0
99359,0
99361,0
99363,0
99364,0
99366,0
99368,0
99370,0
99371,0
99375,0
99378,0
99380,0
99383,0
99386,0
99388,0
99391,0
99394,0
99396,0
99397,0
99398,0
99399,0
99400,0
99402,0
99406,0
99409,0
99410,0
99411,0
99413,0
99414,0
99416,0
99418,0
99420,0
99422,0
99424,0
99426,0
99430,0
99431,0
99432,0
99433,0
99435,0
99437,0
99438,0
99443,0
99444,0
99445,0
99448,0
99450,0
99451,0
99452,0
99453,0
99456,0
99457,0
99459,0
99463,0
99464,0
99471,0
99473,0
99474,0
99476,0
99477,0
99478,0
99479,0
99480,0
99485,0
99487,0
99490,0
99495,0
99496,0
99499,0
99500,0
99506,0
99507,0
99509,0
99511,0
99512,0
99514,0
99516,0
99517,0
99518,0
99519,0
99522,0
99527,0
99532,0
99535,0
99536,0
99538,0
99541,0
99542,0
99544,0
99545,0
99551,0
99558,0
99559,0
99561,0
99562,0
99565,0
99566,0
99573,0
99574,0
99575,0
99577,0
99581,0
99583,0
99584,0
99590,0
99591,0
99592,0
99594,0
99596,0
99599,0
99601,0
99603,0
99605,0
99606,0
99608,0
99609,0
99610,0
99611,0
99612,0
99613,0
99614,0
99616,0
99617,0
99618,0
99619,0
99620,0
99631,0
99633,0
99634,0
99635,0
99643,0
99646,0
99648,0
99649,0
99650,0
99651,0
99654,0
99655,0
99656,0
99657,0
99659,0
99661,0
99662,0
99663,0
99664,0
99665,0
99666,0
99675,0
99676,0
99678,0
99679,0
99680,0
99681,0
99682,0
99683,0
99691,0
99695,0
99697,0
99701,0
99702,0
99703,0
99704,0
99706,0
99709,0
99710,0
99711,0
99715,0
99720,0
99723,0
99726,0
99727,0
99729,0
99730,0
99731,0
99733,0
99734,0
99737,0
99740,0
99741,0
99746,0
99747,0
99750,0
99751,0
99753,0
99758,0
99760,0
99764,0
99776,0
99777,0
99779,0
99785,0
99787,0
99789,0
99790,0
99796,0
99802,0
99805,0
99806,0
99807,0
99810,0
99811,0
99813,0
99815,0
99817,0
99820,0
99821,0
99822,0
99823,0
99824,0
99835,0
99836,0
99841,0
99842,0
99843,0
99845,0
99847,0
99849,0
99852,0
99853,0
99859,0
99861,0
99863,0
99866,0
99871,0
99872,0
99874,0
99875,0
99878,0
99879,0
99880,0
99883,0
99884,0
99892,0
99897,0
99898,0
99899,0
99900,0
99901,0
99909,0
99912,0
99915,0
99920,0
99921,0
99922,0
99924,0
99929,0
99930,0
99933,0
99939,0
99940,0
99941,0
99942,0
99947,0
99950,0
99952,0
99953,0
99954,0
99959,0
99960,0
99962,0
99963,0
99964,0
99965,0
99967,0
99968,0
99970,0
99973,0
99974,0
99975,0
99979,0
99981,0
99982,0
99985,0
99986,0
99991,0
99995,0
100001,0
100003,0
100012,0
100014,0
100016,0
100022,0
100025,0
100027,0
100028,0
100030,0
100031,0
100032,0
100033,0
100039,0
100040,0
100043,0
100046,0
100047,0
100049,0
100050,0
100052,0
100053,0
100058,0
100060,0
100062,0
100065,0
100066,0
100068,0
100070,0
100071,0
100073,0
100080,0
100087,0
100091,0
100092,0
100098,0
100101,0
100102,0
100110,0
100113,0
100115,0
100116,0
100118,0
100121,0
100125,0
100127,0
100130,0
100133,0
100135,0
100136,0
100140,0
100144,0
100145,0
100146,0
100149,0
100150,0
100156,0
100157,0
100158,0
100167,0
100170,0
100174,0
100175,0
100179,0
100183,0
100185,0
100189,0
100191,0
100192,0
100193,0
100194,0
100201,0
100202,0
100203,0
100204,0
100205,0
100206,0
100209,0
100210,0
100212,0
100213,0
100214,0
100215,0
100216,0
100218,0
100219,0
100220,0
100222,0
100224,0
100225,0
100226,0
100231,0
100232,0
100234,0
100236,0
100237,0
100239,0
100242,0
100243,0
100245,0
100246,0
100247,0
100249,0
100253,0
100255,0
100260,0
100261,0
100262,0
100271,0
100272,0
100278,0
100279,0
100280,0
100281,0
100284,0
100286,0
100287,0
100289,0
100293,0
100295,0
100297,0
100298,0
100300,0
100304,0
100305,0
100308,0
100309,0
100313,0
100315,0
100316,0
100319,0
100321,0
100322,0
100323,0
100327,0
100331,0
100339,0
100340,0
100345,0
100346,0
100347,0
100349,0
100350,0
100354,0
100356,0
100358,0
100361,0
100366,0
100371,0
100372,0
100378,0
100381,0
100382,0
100388,0
100397,0
100398,0
100399,0
100402,0
100404,0
100409,0
100413,0
100424,0
100427,0
100434,0
100437,0
100438,0
100444,0
100445,0
100450,0
100451,0
100452,0
100455,0
100457,0
100458,0
100459,0
100462,0
100465,0
100469,0
100471,0
100472,0
100475,0
100477,0
100479,0
100481,0
100485,0
100487,0
100491,0
100492,0
100495,0
100498,0
100499,0
100502,0
100503,0
100506,0
100509,0
100510,0
100515,0
100519,0
100520,0
100522,0
100523,0
100525,0
100526,0
100527,0
100529,0
100532,0
100533,0
100536,0
100537,0
100540,0
100541,0
100543,0
100547,0
100551,0
100553,0
100556,0
100559,0
100562,0
100565,0
100567,0
100569,0
100574,0
100575,0
100579,0
100587,0
100588,0
100589,0
100596,0
100597,0
100598,0
100602,0
100603,0
100607,0
100608,0
100609,0
100612,0
100614,0
100620,0
100623,0
100627,0
100629,0
100630,0
100631,0
100633,0
100634,0
100636,0
100639,0
100642,0
100644,0
100646,0
100647,0
100649,0
100651,0
100654,0
100658,0
100663,0
100665,0
100668,0
100674,0
100676,0
100678,0
100679,0
100680,0
100682,0
100683,0
100685,0
100687,0
100688,0
100689,0
100690,0
100691,0
100692,0
100697,0
100698,0
100699,0
100703,0
100704,0
100706,0
100708,0
100710,0
100711,0
100716,0
100718,0
100721,0
100723,0
100727,0
100728,0
100729,0
100730,0
100732,0
100734,0
100735,0
100739,0
100741,0
100743,0
100746,0
100747,0
100751,0
100753,0
100754,0
100756,0
100759,0
100761,0
100764,0
100765,0
100769,0
100770,0
100771,0
100774,0
100776,0
100780,0
100783,0
100784,0
100785,0
100790,0
100791,0
100793,0
100796,0
100797,0
100799,0
100803,0
100804,0
100805,0
100807,0
100808,0
100811,0
100812,0
100814,0
100815,0
100817,0
100818,0
100820,0
100821,0
100830,0
100831,0
100836,0
100837,0
100842,0
100846,0
100848,0
100849,0
100855,0
100856,0
100857,0
100858,0
100861,0
100865,0
100869,0
100871,0
100872,0
100874,0
100876,0
100878,0
100882,0
100884,0
100886,0
100889,0
100891,0
100892,0
100893,0
100894,0
100895,0
100896,0
100897,0
100906,0
100909,0
100911,0
100917,0
100918,0
100921,0
100922,0
100925,0
100926,0
100935,0
100938,0
100940,0
100941,0
100945,0
100947,0
100949,0
100951,0
100952,0
100955,0
100958,0
100960,0
100961,0
100962,0
100964,0
100965,0
100966,0
100970,0
100973,0
100974,0
100977,0
100978,0
100981,0
100985,0
100986,0
100987,0
100989,0
100990,0
100992,0
100994,0
100998,0
101000,0
101001,0
101003,0
101007,0
101010,0
101013,0
101014,0
101019,0
101021,0
101028,0
101029,0
101030,0
101031,0
101034,0
101036,0
101040,0
101041,0
101042,0
101049,0
101051,0
101054,0
101055,0
101058,0
101060,0
101065,0
101066,0
101067,0
101069,0
101072,0
101073,0
101075,0
101078,0
101084,0
101086,0
101088,0
101097,0
101099,0
101100,0
101104,0
101115,0
101117,0
101118,0
101119,0
101120,0
101122,0
101127,0
101132,0
101135,0
101142,0
101143,0
101144,0
101145,0
101147,0
101148,0
101153,0
101154,0
101155,0
101157,0
101160,0
101161,0
101162,0
101163,0
101169,0
101170,0
101171,0
101174,0
101182,0
101185,0
101186,0
101191,0
101192,0
101195,0
101203,0
101204,0
101209,0
101211,0
101215,0
101218,0
101219,0
101221,0
101227,0
101228,0
101230,0
101232,0
101235,0
101237,0
101238,0
101239,0
101242,0
101244,0
101246,0
101248,0
101255,0
101257,0
101259,0
101261,0
101262,0
101264,0
101265,0
101267,0
101271,0
101272,0
101274,0
101275,0
101276,0
101287,0
101289,0
101294,0
101295,0
101296,0
101297,0
101299,0
101302,0
101305,0
101306,0
101307,0
101308,0
101310,0
101317,0
101320,0
101323,0
101324,0
101326,0
101329,0
101330,0
101333,0
101337,0
101339,0
101340,0
101341,0
101343,0
101344,0
101349,0
101357,0
101359,0
101362,0
101365,0
101367,0
101369,0
101370,0
101371,0
101373,0
101375,0
101382,0
101390,0
101392,0
101395,0
101396,0
101397,0
101398,0
101399,0
101400,0
101401,0
101405,0
101406,0
101409,0
101410,0
101411,0
101414,0
101415,0
101420,0
101422,0
101423,0
101427,0
101429,0
101430,0
101433,0
101434,0
101435,0
101436,0
101439,0
101440,0
101441,0
101443,0
101445,0
101449,0
101453,0
101454,0
101457,0
101459,0
101460,0
101461,0
101462,0
101463,0
101466,0
101467,0
101470,0
101471,0
101472,0
101473,0
101474,0
101475,0
101477,0
101479,0
101481,0
101485,0
101486,0
101489,0
101492,0
101493,0
101494,0
101495,0
101496,0
101497,0
101499,0
101502,0
101507,0
101510,0
101512,0
101516,0
101522,0
101524,0
101526,0
101528,0
101532,0
101533,0
101534,0
101535,0
101536,0
101537,0
101543,0
101549,0
101554,0
101556,0
101558,0
101559,0
101560,0
101561,0
101562,0
101565,0
101567,0
101572,0
101574,0
101575,0
101576,0
101577,0
101580,0
101581,0
101583,0
101588,0
101591,0
101593,0
101595,0
101599,0
101600,0
101601,0
101602,0
101603,0
101604,0
101609,0
101615,0
101620,0
101621,0
101624,0
101626,0
101629,0
101632,0
101633,0
101635,0
101639,0
101644,0
101646,0
101648,0
101653,0
101654,0
101657,0
101661,0
101662,0
101663,0
101664,0
101666,0
101667,0
101674,0
101678,0
101681,0
101682,0
101685,0
101693,0
101694,0
101696,0
101697,0
101699,0
101700,0
101701,0
101706,0
101708,0
101715,0
101717,0
101718,0
101720,0
101721,0
101724,0
101729,0
101733,0
101735,0
101736,0
101747,0
101751,0
101752,0
101754,0
101755,0
101757,0
101760,0
101761,0
101766,0
101772,0
101774,0
101780,0
101782,0
101787,0
101788,0
101789,0
101790,0
101791,0
101793,0
101796,0
101799,0
101802,0
101804,0
101805,0
101810,0
101811,0
101814,0
101815,0
101816,0
101820,0
101821,0
101824,0
101827,0
101829,0
101831,0
101832,0
101838,0
101841,0
101842,0
101844,0
101846,0
101848,0
101849,0
101854,0
101856,0
101857,0
101863,0
101864,0
101868,0
101869,0
101872,0
101874,0
101879,0
101881,0
101882,0
101883,0
101889,0
101891,0
101894,0
101899,0
101900,0
101901,0
101902,0
101903,0
101904,0
101905,0
101906,0
101907,0
101908,0
101909,0
101910,0
101917,0
101919,0
101920,0
101921,0
101922,0
101926,0
101928,0
101929,0
101930,0
101933,0
101934,0
101936,0
101940,0
101942,0
101944,0
101945,0
101946,0
101947,0
101954,0
101955,0
101956,0
101959,0
101961,0
101963,0
101964,0
101967,0
101970,0
101972,0
101976,0
101980,0
101981,0
101982,0
101984,0
101987,0
101989,0
101995,0
101997,0
102003,0
102005,0
102009,0
102013,0
102015,0
102016,0
102018,0
102023,0
102029,0
102032,0
102035,0
102036,0
102038,0
102039,0
102040,0
102041,0
102043,0
102046,0
102049,0
102054,0
102056,0
102058,0
102060,0
102062,0
102063,0
102065,0
102067,0
102072,0
102073,0
102075,0
102076,0
102080,0
102082,0
102083,0
102085,0
102086,0
102087,0
102091,0
102092,0
102097,0
102098,0
102102,0
102104,0
102108,0
102109,0
102113,0
102117,0
102120,0
102121,0
102122,0
102125,0
102127,0
102128,0
102130,0
102131,0
102140,0
102141,0
102143,0
102144,0
102146,0
102147,0
102148,0
102152,0
102153,0
102156,0
102157,0
102160,0
102161,0
102163,0
102165,0
102169,0
102172,0
102174,0
102175,0
102180,0
102181,0
102185,0
102186,0
102188,0
102189,0
102190,0
102194,0
102196,0
102201,0
102202,0
102203,0
102204,0
102209,0
102210,0
102211,0
102212,0
102214,0
102220,0
102229,0
102230,0
102232,0
102234,0
102236,0
102240,0
102243,0
102245,0
102246,0
102247,0
102248,0
102252,0
102257,0
102259,0
102260,0
102261,0
102267,0
102272,0
102282,0
102283,0
102285,0
102287,0
102288,0
102291,0
102297,0
102299,0
102300,0
102302,0
102306,0
102307,0
102311,0
102312,0
102315,0
102316,0
102320,0
102321,0
102323,0
102324,0
102335,0
102339,0
102340,0
102341,0
102343,0
102344,0
102352,0
102353,0
102355,0
102356,0
102357,0
102358,0
102359,0
102364,0
102367,0
102370,0
102371,0
102376,0
102379,0
102380,0
102382,0
102387,0
102391,0
102398,0
102399,0
102401,0
102405,0
102412,0
102417,0
102418,0
102423,0
102430,0
102431,0
102433,0
102435,0
102438,0
102442,0
102443,0
102447,0
102450,0
102452,0
102459,0
102460,0
102461,0
102463,0
102466,0
102471,0
102474,0
102475,0
102478,0
102479,0
102487,0
102488,0
102495,0
102497,0
102504,0
102506,0
102507,0
102510,0
102514,0
102515,0
102522,0
102523,0
102524,0
102526,0
102529,0
102530,0
102533,0
102534,0
102536,0
102538,0
102539,0
102543,0
102549,0
102551,0
102552,0
102556,0
102557,0
102561,0
102562,0
102563,0
102564,0
102565,0
102567,0
102568,0
102569,0
102573,0
102575,0
102582,0
102583,0
102585,0
102588,0
102589,0
102592,0
102593,0
102594,0
102599,0
102603,0
102606,0
102607,0
102608,0
102613,0
102614,0
102615,0
102616,0
102620,0
102622,0
102625,0
102629,0
102631,0
102633,0
102635,0
102637,0
102641,0
102642,0
102643,0
102644,0
102645,0
102647,0
102650,0
102652,0
102657,0
102659,0
102660,0
102661,0
102662,0
102665,0
102667,0
102668,0
102669,0
102680,0
102685,0
102686,0
102688,0
102692,0
102693,0
102694,0
102701,0
102705,0
102708,0
102709,0
102710,0
102711,0
102713,0
102715,0
102717,0
102718,0
102720,0
102721,0
102722,0
102724,0
102725,0
102726,0
102727,0
102729,0
102730,0
102734,0
102735,0
102737,0
102740,0
102742,0
102752,0
102758,0
102759,0
102764,0
102766,0
102773,0
102776,0
102777,0
102780,0
102781,0
102783,0
102786,0
102787,0
102788,0
102789,0
102790,0
102793,0
102795,0
102796,0
102798,0
102800,0
102802,0
102805,0
102808,0
102809,0
102811,0
102814,0
102816,0
102822,0
102823,0
102824,0
102826,0
102827,0
102837,0
102838,0
102841,0
102843,0
102852,0
102853,0
102855,0
102859,0
102860,0
102861,0
102864,0
102865,0
102868,0
102869,0
102872,0
102878,0
102884,0
102907,0
102909,0
102910,0
102914,0
102918,0
102923,0
102925,0
102927,0
102931,0
102932,0
102934,0
102935,0
102936,0
102937,0
102938,0
102945,0
102949,0
102958,0
102960,0
102964,0
102965,0
102969,0
102970,0
102971,0
102972,0
102975,0
102978,0
102983,0
102984,0
102985,0
102988,0
102990,0
102991,0
102993,0
102994,0
102996,0
102997,0
103003,0
103004,0
103005,0
103006,0
103008,0
103012,0
103013,0
103014,0
103015,0
103021,0
103023,0
103027,0
103032,0
103036,0
103037,0
103041,0
103042,0
103045,0
103046,0
103051,0
103058,0
103063,0
103067,0
103068,0
103069,0
103071,0
103073,0
103074,0
103084,0
103085,0
103087,0
103088,0
103090,0
103092,0
103100,0
103101,0
103105,0
103107,0
103108,0
103110,0
103112,0
103117,0
103118,0
103122,0
103123,0
103131,0
103134,0
103137,0
103140,0
103142,0
103144,0
103145,0
103146,0
103153,0
103157,0
103158,0
103160,0
103161,0
103164,0
103166,0
103167,0
103169,0
103171,0
103173,0
103174,0
103175,0
103176,0
103181,0
103183,0
103185,0
103187,0
103189,0
103193,0
103197,0
103199,0
103204,0
103209,0
103210,0
103211,0
103212,0
103214,0
103215,0
103217,0
103218,0
103223,0
103225,0
103229,0
103236,0
103243,0
103246,0
103247,0
103248,0
103249,0
103253,0
103256,0
103257,0
103260,0
103262,0
103264,0
103265,0
103268,0
103269,0
103274,0
103279,0
103281,0
103282,0
103285,0
103287,0
103289,0
103292,0
103296,0
103302,0
103303,0
103307,0
103309,0
103314,0
103317,0
103319,0
103323,0
103327,0
103333,0
103337,0
103340,0
103342,0
103351,0
103352,0
103356,0
103358,0
103361,0
103365,0
103371,0
103374,0
103375,0
103380,0
103381,0
103384,0
103392,0
103393,0
103399,0
103401,0
103402,0
103404,0
103408,0
103413,0
103414,0
103419,0
103420,0
103421,0
103426,0
103430,0
103432,0
103433,0
103434,0
103435,0
103436,0
103439,0
103444,0
103451,0
103457,0
103461,0
103462,0
103463,0
103469,0
103470,0
103475,0
103477,0
103482,0
103488,0
103489,0
103491,0
103493,0
103498,0
103500,0
103503,0
103504,0
103505,0
103506,0
103510,0
103511,0
103513,0
103514,0
103520,0
103522,0
103523,0
103527,0
103528,0
103530,0
103533,0
103534,0
103537,0
103543,0
103544,0
103546,0
103550,0
103554,0
103556,0
103557,0
103558,0
103565,0
103567,0
103569,0
103571,0
103575,0
103580,0
103583,0
103588,0
103589,0
103590,0
103592,0
103593,0
103595,0
103598,0
103602,0
103606,0
103607,0
103612,0
103615,0
103618,0
103621,0
103622,0
103625,0
103626,0
103633,0
103641,0
103644,0
103645,0
103649,0
103652,0
103653,0
103656,0
103658,0
103659,0
103661,0
103666,0
103667,0
103669,0
103670,0
103672,0
103673,0
103677,0
103679,0
103682,0
103685,0
103694,0
103697,0
103700,0
103704,0
103706,0
103707,0
103711,0
103714,0
103715,0
103716,0
103717,0
103718,0
103721,0
103722,0
103725,0
103730,0
103741,0
103745,0
103749,0
103750,0
103753,0
103755,0
103759,0
103760,0
103761,0
103765,0
103767,0
103768,0
103770,0
103772,0
103775,0
103776,0
103777,0
103781,0
103786,0
103789,0
103793,0
103794,0
103801,0
103802,0
103808,0
103810,0
103812,0
103814,0
103815,0
103817,0
103818,0
103822,0
103823,0
103828,0
103829,0
103830,0
103834,0
103835,0
103836,0
103838,0
103839,0
103841,0
103842,0
103843,0
103844,0
103845,0
103849,0
103851,0
103865,0
103866,0
103872,0
103876,0
103880,0
103884,0
103887,0
103891,0
103892,0
103894,0
103896,0
103897,0
103900,0
103908,0
103911,0
103916,0
103917,0
103924,0
103925,0
103926,0
103933,0
103935,0
103940,0
103941,0
103942,0
103943,0
103944,0
103947,0
103949,0
103950,0
103953,0
103957,0
103961,0
103962,0
103963,0
103969,0
103970,0
103975,0
103978,0
103982,0
103989,0
104000,0
104006,0
104007,0
104010,0
104011,0
104013,0
104023,0
104026,0
104028,0
104030,0
104033,0
104039,0
104040,0
104043,0
104046,0
104048,0
104050,0
104055,0
104057,0
104062,0
104065,0
104066,0
104070,0
104071,0
104081,0
104083,0
104084,0
104087,0
104090,0
104091,0
104094,0
104096,0
104098,0
104099,0
104106,0
104107,0
104108,0
104109,0
104110,0
104112,0
104113,0
104114,0
104116,0
104118,0
104119,0
104121,0
104126,0
104128,0
104130,0
104131,0
104132,0
104133,0
104134,0
104138,0
104143,0
104144,0
104146,0
104149,0
104150,0
104151,0
104152,0
104157,0
104158,0
104163,0
104165,0
104166,0
104169,0
104170,0
104171,0
104172,0
104174,0
104176,0
104177,0
104178,0
104179,0
104180,0
104182,0
104184,0
104187,0
104194,0
104197,0
104198,0
104202,0
104204,0
104206,0
104207,0
104208,0
104209,0
104210,0
104214,0
104216,0
104217,0
104219,0
104220,0
104222,0
104227,0
104231,0
104232,0
104235,0
104236,0
104240,0
104246,0
104251,0
104254,0
104255,0
104257,0
104258,0
104267,0
104268,0
104269,0
104274,0
104275,0
104280,0
104282,0
104285,0
104292,0
104293,0
104295,0
104296,0
104297,0
104300,0
104302,0
104304,0
104305,0
104313,0
104319,0
104325,0
104326,0
104328,0
104330,0
104336,0
104337,0
104339,0
104340,0
104341,0
104344,0
104345,0
104347,0
104355,0
104356,0
104357,0
104359,0
104361,0
104364,0
104365,0
104366,0
104370,0
104371,0
104372,0
104374,0
104376,0
104384,0
104386,0
104388,0
104390,0
104392,0
104394,0
104395,0
104396,0
104398,0
104399,0
104400,0
104401,0
104402,0
104403,0
104410,0
104419,0
104423,0
104424,0
104425,0
104427,0
104433,0
104434,0
104435,0
104436,0
104438,0
104439,0
104446,0
104448,0
104451,0
104454,0
104457,0
104463,0
104464,0
104468,0
104473,0
104478,0
104480,0
104481,0
104482,0
104487,0
104490,0
104493,0
104498,0
104500,0
104502,0
104503,0
104505,0
104506,0
104513,0
104515,0
104516,0
104517,0
104519,0
104521,0
104524,0
104525,0
104527,0
104529,0
104533,0
104534,0
104536,0
104539,0
104542,0
104544,0
104546,0
104548,0
104550,0
104553,0
104555,0
104563,0
104567,0
104568,0
104572,0
104581,0
104583,0
104584,0
104588,0
104591,0
104595,0
104596,0
104598,0
104600,0
104603,0
104604,0
104605,0
104606,0
104608,0
104609,0
104613,0
104616,0
104617,0
104618,0
104619,0
104620,0
104622,0
104627,0
104631,0
104633,0
104649,0
104660,0
104663,0
104665,0
104669,0
104672,0
104674,0
104679,0
104680,0
104686,0
104693,0
104694,0
104701,0
104714,0
104718,0
104720,0
104724,0
104725,0
104727,0
104730,0
104733,0
104734,0
104737,0
104740,0
104743,0
104748,0
104752,0
104753,0
104758,0
104759,0
104760,0
104762,0
104765,0
104766,0
104767,0
104768,0
104773,0
104774,0
104775,0
104778,0
104781,0
104782,0
104785,0
104786,0
104787,0
104789,0
104790,0
104791,0
104793,0
104794,0
104796,0
104797,0
104799,0
104800,0
104802,0
104803,0
104807,0
104808,0
104809,0
104810,0
104811,0
104815,0
104818,0
104819,0
104820,0
104821,0
104822,0
104825,0
104827,0
104839,0
104849,0
104852,0
104853,0
104854,0
104857,0
104860,0
104861,0
104862,0
104863,0
104867,0
104869,0
104873,0
104874,0
104875,0
104876,0
104880,0
104882,0
104883,0
104885,0
104889,0
104893,0
104894,0
104897,0
104898,0
104901,0
104905,0
104907,0
104908,0
104909,0
104910,0
104912,0
104913,0
104914,0
104915,0
104920,0
104927,0
104928,0
104937,0
104938,0
104940,0
104943,0
104944,0
104946,0
104949,0
104952,0
104953,0
104956,0
104960,0
104961,0
104964,0
104967,0
104970,0
104974,0
104978,0
104981,0
104982,0
104983,0
104984,0
104986,0
104989,0
104992,0
104993,0
104994,0
105001,0
105002,0
105005,0
105006,0
105007,0
105008,0
105009,0
105010,0
105013,0
105015,0
105021,0
105023,0
105025,0
105027,0
105028,0
105032,0
105034,0
105037,0
105038,0
105040,0
105041,0
105044,0
105045,0
105047,0
105051,0
105052,0
105053,0
105054,0
105061,0
105063,0
105075,0
105079,0
105082,0
105085,0
105087,0
105090,0
105091,0
105092,0
105094,0
105101,0
105106,0
105108,0
105114,0
105118,0
105120,0
105121,0
105122,0
105123,0
105124,0
105126,0
105133,0
105134,0
105136,0
105138,0
105139,0
105140,0
105142,0
105144,0
105147,0
105150,0
105152,0
105154,0
105163,0
105164,0
105170,0
105172,0
105174,0
105175,0
105180,0
105181,0
105182,0
105185,0
105188,0
105198,0
105204,0
105205,0
105207,0
105214,0
105219,0
105220,0
105222,0
105224,0
105227,0
105228,0
105230,0
105237,0
105243,0
105247,0
105248,0
105252,0
105254,0
105257,0
105263,0
105264,0
105269,0
105271,0
105272,0
105273,0
105274,0
105278,0
105279,0
105283,0
105285,0
105286,0
105288,0
105293,0
105295,0
105305,0
105307,0
105311,0
105315,0
105319,0
105320,0
105321,0
105325,0
105330,0
105331,0
105333,0
105335,0
105339,0
105341,0
105343,0
105344,0
105348,0
105351,0
105354,0
105355,0
105358,0
105360,0
105361,0
105362,0
105366,0
105367,0
105374,0
105375,0
105377,0
105379,0
105382,0
105385,0
105389,0
105390,0
105398,0
105399,0
105400,0
105401,0
105405,0
105407,0
105411,0
105415,0
105416,0
105419,0
105421,0
105422,0
105423,0
105426,0
105432,0
105437,0
105439,0
105441,0
105444,0
105450,0
105451,0
105455,0
105457,0
105459,0
105461,0
105467,0
105470,0
105474,0
105479,0
105482,0
105483,0
105486,0
105487,0
105488,0
105489,0
105492,0
105493,0
105494,0
105499,0
105502,0
105507,0
105511,0
105512,0
105514,0
105515,0
105518,0
105521,0
105523,0
105526,0
105529,0
105530,0
105531,0
105532,0
105533,0
105536,0
105540,0
105541,0
105543,0
105545,0
105552,0
105553,0
105554,0
105556,0
105558,0
105562,0
105567,0
105568,0
105572,0
105579,0
105581,0
105586,0
105589,0
105593,0
105600,0
105601,0
105602,0
105604,0
105605,0
105607,0
105611,0
105612,0
105614,0
105615,0
105616,0
105617,0
105618,0
105620,0
105624,0
105628,0
105634,0
105638,0
105643,0
105645,0
105646,0
105648,0
105649,0
105652,0
105656,0
105657,0
105659,0
105660,0
105663,0
105668,0
105677,0
105678,0
105679,0
105682,0
105687,0
105689,0
105690,0
105692,0
105693,0
105701,0
105703,0
105706,0
105708,0
105709,0
105711,0
105715,0
105717,0
105718,0
105719,0
105722,0
105723,0
105725,0
105726,0
105727,0
105732,0
105741,0
105743,0
105745,0
105746,0
105751,0
105757,0
105759,0
105760,0
105765,0
105769,0
105770,0
105775,0
105780,0
105782,0
105783,0
105789,0
105792,0
105795,0
105798,0
105801,0
105802,0
105804,0
105808,0
105812,0
105814,0
105818,0
105819,0
105822,0
105823,0
105827,0
105828,0
105829,0
105830,0
105832,0
105833,0
105838,0
105839,0
105840,0
105843,0
105844,0
105845,0
105847,0
105848,0
105850,0
105853,0
105854,0
105857,0
105858,0
105859,0
105861,0
105863,0
105864,0
105865,0
105867,0
105868,0
105872,0
105874,0
105876,0
105877,0
105878,0
105881,0
105885,0
105891,0
105897,0
105898,0
105902,0
105906,0
105907,0
105917,0
105919,0
105922,0
105923,0
105924,0
105936,0
105938,0
105941,0
105942,0
105955,0
105958,0
105959,0
105964,0
105967,0
105968,0
105969,0
105970,0
105973,0
105974,0
105978,0
105979,0
105986,0
105987,0
105989,0
105992,0
105993,0
105997,0
105998,0
106000,0
106001,0
106002,0
106003,0
106004,0
106005,0
106006,0
106007,0
106009,0
106011,0
106013,0
106015,0
106020,0
106022,0
106026,0
106030,0
106033,0
106034,0
106035,0
106038,0
106040,0
106041,0
106043,0
106045,0
106046,0
106055,0
106060,0
106061,0
106066,0
106069,0
106070,0
106072,0
106076,0
106077,0
106078,0
106080,0
106081,0
106083,0
106084,0
106085,0
106092,0
106096,0
106105,0
106106,0
106108,0
106110,0
106112,0
106115,0
106116,0
106117,0
106124,0
106125,0
106129,0
106138,0
106142,0
106144,0
106148,0
106155,0
106159,0
106162,0
106164,0
106166,0
106167,0
106168,0
106169,0
106171,0
106174,0
106177,0
106178,0
106179,0
106183,0
106184,0
106185,0
106186,0
106187,0
106189,0
106192,0
106193,0
106194,0
106200,0
106201,0
106209,0
106211,0
106212,0
106215,0
106218,0
106220,0
106221,0
106223,0
106225,0
106228,0
106230,0
106233,0
106238,0
106239,0
106240,0
106244,0
106245,0
106249,0
106251,0
106253,0
106254,0
106257,0
106263,0
106264,0
106266,0
106273,0
106275,0
106276,0
106278,0
106280,0
106281,0
106282,0
106283,0
106287,0
106301,0
106309,0
106311,0
106313,0
106322,0
106323,0
106324,0
106325,0
106326,0
106327,0
106331,0
106332,0
106333,0
106342,0
106348,0
106350,0
106359,0
106362,0
106366,0
106367,0
106369,0
106370,0
106372,0
106373,0
106377,0
106378,0
106379,0
106382,0
106384,0
106391,0
106392,0
106397,0
106398,0
106400,0
106403,0
106406,0
106412,0
106415,0
106419,0
106422,0
106424,0
106427,0
106438,0
106439,0
106442,0
106444,0
106447,0
106453,0
106454,0
106460,0
106461,0
106466,0
106467,0
106469,0
106470,0
106472,0
106474,0
106476,0
106479,0
106480,0
106481,0
106484,0
106487,0
106488,0
106490,0
106491,0
106493,0
106497,0
106498,0
106499,0
106500,0
106505,0
106508,0
106511,0
106513,0
106515,0
106517,0
106518,0
106520,0
106521,0
106522,0
106525,0
106526,0
106530,0
106535,0
106540,0
106544,0
106545,0
106546,0
106547,0
106548,0
106549,0
106550,0
106551,0
106553,0
106556,0
106560,0
106562,0
106563,0
106568,0
106570,0
106573,0
106575,0
106576,0
106578,0
106581,0
106583,0
106586,0
106587,0
106588,0
106592,0
106593,0
106597,0
106598,0
106599,0
106600,0
106603,0
106605,0
106606,0
106608,0
106617,0
106621,0
106622,0
106628,0
106630,0
106632,0
106634,0
106638,0
106639,0
106652,0
106656,0
106658,0
106659,0
106665,0
106666,0
106668,0
106669,0
106670,0
106672,0
106674,0
106676,0
106679,0
106680,0
106684,0
106685,0
106686,0
106689,0
106690,0
106697,0
106701,0
106702,0
106707,0
106708,0
106710,0
106713,0
106716,0
106719,0
106720,0
106721,0
106722,0
106724,0
106726,0
106730,0
106732,0
106736,0
106740,0
106742,0
106744,0
106745,0
106746,0
106752,0
106754,0
106755,0
106756,0
106759,0
106760,0
106763,0
106767,0
106768,0
106771,0
106773,0
106778,0
106780,0
106786,0
106787,0
106790,0
106791,0
106793,0
106795,0
106798,0
106800,0
106801,0
106802,0
106803,0
106804,0
106805,0
106806,0
106812,0
106813,0
106815,0
106816,0
106817,0
106821,0
106825,0
106827,0
106831,0
106834,0
106839,0
106842,0
106843,0
106844,0
106845,0
106846,0
106852,0
106854,0
106856,0
106859,0
106860,0
106863,0
106866,0
106867,0
106868,0
106869,0
106872,0
106876,0
106877,0
106882,0
106887,0
106888,0
106891,0
106899,0
106901,0
106902,0
106903,0
106904,0
106906,0
106907,0
106908,0
106911,0
106914,0
106918,0
106921,0
106922,0
106925,0
106932,0
106935,0
106940,0
106941,0
106942,0
106943,0
106945,0
106946,0
106949,0
106951,0
106952,0
106957,0
106958,0
106965,0
106967,0
106968,0
106970,0
106973,0
106974,0
106978,0
106981,0
106985,0
106986,0
106987,0
106990,0
106991,0
106992,0
106995,0
106998,0
107000,0
107003,0
107005,0
107009,0
107010,0
107016,0
107019,0
107020,0
107023,0
107024,0
107025,0
107027,0
107028,0
107032,0
107041,0
107043,0
107050,0
107052,0
107053,0
107054,0
107058,0
107060,0
107061,0
107064,0
107066,0
107067,0
107070,0
107071,0
107074,0
107076,0
107078,0
107081,0
107082,0
107084,0
107086,0
107088,0
107089,0
107090,0
107091,0
107092,0
107094,0
107095,0
107098,0
107101,0
107102,0
107104,0
107106,0
107107,0
107110,0
107115,0
107120,0
107121,0
107127,0
107131,0
107133,0
107134,0
107136,0
107139,0
107142,0
107144,0
107147,0
107148,0
107151,0
107157,0
107158,0
107160,0
107167,0
107170,0
107171,0
107172,0
107175,0
107177,0
107178,0
107179,0
107180,0
107181,0
107182,0
107183,0
107184,0
107185,0
107195,0
107196,0
107197,0
107198,0
107200,0
107201,0
107202,0
107203,0
107204,0
107205,0
107206,0
107207,0
107212,0
107215,0
107222,0
107223,0
107229,0
107232,0
107233,0
107234,0
107236,0
107238,0
107239,0
107241,0
107243,0
107244,0
107246,0
107248,0
107255,0
107256,0
107259,0
107263,0
107266,0
107267,0
107269,0
107270,0
107271,0
107272,0
107273,0
107277,0
107280,0
107282,0
107294,0
107302,0
107304,0
107307,0
107309,0
107313,0
107316,0
107318,0
107324,0
107327,0
107329,0
107336,0
107338,0
107340,0
107341,0
107342,0
107343,0
107346,0
107347,0
107348,0
107349,0
107352,0
107353,0
107357,0
107358,0
107360,0
107362,0
107364,0
107366,0
107367,0
107370,0
107371,0
107372,0
107376,0
107377,0
107378,0
107379,0
107388,0
107389,0
107392,0
107393,0
107395,0
107400,0
107402,0
107403,0
107405,0
107406,0
107407,0
107408,0
107411,0
107412,0
107413,0
107415,0
107416,0
107417,0
107418,0
107419,0
107422,0
107427,0
107428,0
107432,0
107433,0
107435,0
107436,0
107437,0
107441,0
107442,0
107444,0
107446,0
107447,0
107456,0
107464,0
107465,0
107467,0
107469,0
107472,0
107475,0
107477,0
107478,0
107484,0
107486,0
107487,0
107488,0
107489,0
107491,0
107492,0
107497,0
107498,0
107507,0
107511,0
107512,0
107514,0
107515,0
107519,0
107520,0
107523,0
107528,0
107530,0
107531,0
107534,0
107537,0
107545,0
107550,0
107551,0
107554,0
107555,0
107558,0
107561,0
107562,0
107563,0
107565,0
107572,0
107580,0
107581,0
107583,0
107585,0
107586,0
107589,0
107591,0
107593,0
107594,0
107598,0
107602,0
107604,0
107607,0
107608,0
107609,0
107610,0
107612,0
107617,0
107623,0
107624,0
107627,0
107632,0
107636,0
107637,0
107638,0
107641,0
107643,0
107644,0
107648,0
107651,0
107652,0
107656,0
107657,0
107659,0
107661,0
107662,0
107663,0
107668,0
107674,0
107677,0
107686,0
107690,0
107697,0
107698,0
107699,0
107702,0
107705,0
107707,0
107709,0
107710,0
107712,0
107714,0
107715,0
107716,0
107718,0
107719,0
107721,0
107722,0
107726,0
107728,0
107732,0
107733,0
107734,0
107742,0
107744,0
107752,0
107754,0
107756,0
107757,0
107760,0
107763,0
107765,0
107769,0
107774,0
107777,0
107781,0
107782,0
107784,0
107786,0
107788,0
107794,0
107797,0
107799,0
107806,0
107809,0
107810,0
107813,0
107822,0
107823,0
107825,0
107827,0
107830,0
107831,0
107833,0
107835,0
107838,0
107843,0
107845,0
107847,0
107849,0
107850,0
107851,0
107852,0
107854,0
107855,0
107857,0
107858,0
107861,0
107862,0
107863,0
107864,0
107867,0
107868,0
107870,0
107877,0
107878,0
107880,0
107882,0
107884,0
107885,0
107886,0
107887,0
107893,0
107897,0
107898,0
107899,0
107901,0
107902,0
107904,0
107905,0
107913,0
107915,0
107916,0
107917,0
107918,0
107919,0
107920,0
107921,0
107923,0
107927,0
107930,0
107934,0
107937,0
107938,0
107949,0
107950,0
107955,0
107959,0
107960,0
107965,0
107971,0
107973,0
107975,0
107976,0
107980,0
107984,0
107985,0
107986,0
107988,0
107990,0
107997,0
107998,0
107999,0
108002,0
108003,0
108006,0
108009,0
108011,0
108013,0
108014,0
108015,0
108020,0
108022,0
108024,0
108029,0
108030,0
108031,0
108035,0
108036,0
108038,0
108040,0
108046,0
108049,0
108057,0
108060,0
108064,0
108066,0
108071,0
108072,0
108076,0
108079,0
108080,0
108083,0
108084,0
108085,0
108086,0
108089,0
108090,0
108091,0
108094,0
108095,0
108096,0
108101,0
108106,0
108113,0
108115,0
108117,0
108121,0
108124,0
108126,0
108128,0
108129,0
108133,0
108136,0
108137,0
108138,0
108139,0
108140,0
108141,0
108144,0
108151,0
108152,0
108153,0
108157,0
108165,0
108166,0
108169,0
108170,0
108175,0
108178,0
108180,0
108184,0
108190,0
108192,0
108194,0
108198,0
108199,0
108203,0
108204,0
108206,0
108211,0
108213,0
108218,0
108220,0
108230,0
108231,0
108233,0
108236,0
108237,0
108242,0
108243,0
108244,0
108247,0
108251,0
108254,0
108256,0
108257,0
108259,0
108260,0
108262,0
108267,0
108268,0
108276,0
108277,0
108278,0
108285,0
108288,0
108290,0
108292,0
108297,0
108298,0
108299,0
108300,0
108301,0
108302,0
108304,0
108307,0
108308,0
108309,0
108315,0
108316,0
108317,0
108322,0
108327,0
108335,0
108344,0
108347,0
108349,0
108350,0
108356,0
108364,0
108369,0
108374,0
108377,0
108386,0
108387,0
108389,0
108392,0
108395,0
108397,0
108398,0
108399,0
108401,0
108404,0
108405,0
108406,0
108409,0
108413,0
108415,0
108416,0
108418,0
108425,0
108426,0
108430,0
108432,0
108435,0
108438,0
108440,0
108442,0
108443,0
108446,0
108448,0
108449,0
108454,0
108457,0
108459,0
108461,0
108465,0
108466,0
108467,0
108468,0
108472,0
108475,0
108478,0
108479,0
108485,0
108486,0
108487,0
108488,0
108491,0
108492,0
108494,0
108495,0
108498,0
108499,0
108500,0
108502,0
108504,0
108505,0
108506,0
108508,0
108511,0
108515,0
108517,0
108520,0
108521,0
108525,0
108530,0
108532,0
108537,0
108539,0
108541,0
108547,0
108551,0
108552,0
108556,0
108559,0
108561,0
108563,0
108566,0
108567,0
108570,0
108573,0
108576,0
108577,0
108578,0
108579,0
108581,0
108584,0
108588,0
108591,0
108593,0
108596,0
108600,0
108603,0
108605,0
108609,0
108610,0
108611,0
108613,0
108615,0
108616,0
108619,0
108623,0
108627,0
108628,0
108629,0
108631,0
108632,0
108634,0
108638,0
108639,0
108641,0
108642,0
108643,0
108644,0
108647,0
108650,0
108654,0
108656,0
108659,0
108661,0
108662,0
108665,0
108666,0
108670,0
108671,0
108673,0
108674,0
108682,0
108684,0
108686,0
108689,0
108694,0
108698,0
108700,0
108702,0
108708,0
108710,0
108714,0
108716,0
108719,0
108721,0
108725,0
108727,0
108733,0
108737,0
108741,0
108742,0
108743,0
108744,0
108745,0
108746,0
108749,0
108752,0
108757,0
108762,0
108765,0
108767,0
108768,0
108770,0
108775,0
108776,0
108779,0
108782,0
108784,0
108786,0
108792,0
108796,0
108798,0
108800,0
108802,0
108804,0
108812,0
108814,0
108816,0
108819,0
108824,0
108825,0
108831,0
108833,0
108837,0
108838,0
108839,0
108840,0
108847,0
108848,0
108849,0
108850,0
108854,0
108855,0
108856,0
108859,0
108860,0
108861,0
108862,0
108865,0
108868,0
108870,0
108872,0
108874,0
108875,0
108878,0
108881,0
108882,0
108884,0
108885,0
108886,0
108887,0
108890,0
108892,0
108896,0
108897,0
108902,0
108904,0
108907,0
108909,0
108910,0
108915,0
108916,0
108917,0
108919,0
108922,0
108923,0
108926,0
108928,0
108930,0
108934,0
108940,0
108944,0
108947,0
108948,0
108950,0
108951,0
108954,0
108957,0
108958,0
108961,0
108964,0
108965,0
108968,0
108972,0
108974,0
108975,0
108978,0
108979,0
108981,0
108983,0
108984,0
108988,0
108990,0
108991,0
108993,0
108998,0
109004,0
109006,0
109007,0
109012,0
109015,0
109019,0
109031,0
109032,0
109033,0
109034,0
109037,0
109039,0
109040,0
109044,0
109045,0
109046,0
109049,0
109050,0
109053,0
109055,0
109058,0
109059,0
109069,0
109070,0
109073,0
109076,0
109078,0
109079,0
109081,0
109082,0
109085,0
109087,0
109089,0
109093,0
109095,0
109097,0
109098,0
109099,0
109100,0
109104,0
109105,0
109108,0
109110,0
109111,0
109114,0
109120,0
109121,0
109122,0
109123,0
109126,0
109127,0
109129,0
109131,0
109133,0
109134,0
109135,0
109136,0
109138,0
109139,0
109140,0
109144,0
109145,0
109147,0
109149,0
109155,0
109156,0
109157,0
109158,0
109161,0
109162,0
109164,0
109165,0
109168,0
109172,0
109174,0
109181,0
109185,0
109186,0
109188,0
109192,0
109194,0
109199,0
109200,0
109202,0
109204,0
109205,0
109206,0
109207,0
109212,0
109218,0
109219,0
109220,0
109221,0
109224,0
109227,0
109231,0
109234,0
109239,0
109241,0
109242,0
109249,0
109250,0
109251,0
109255,0
109256,0
109257,0
109259,0
109261,0
109262,0
109266,0
109267,0
109268,0
109271,0
109273,0
109275,0
109276,0
109279,0
109280,0
109284,0
109289,0
109291,0
109296,0
109297,0
109299,0
109304,0
109305,0
109308,0
109309,0
109313,0
109316,0
109317,0
109322,0
109323,0
109332,0
109336,0
109339,0
109343,0
109345,0
109349,0
109350,0
109351,0
109353,0
109355,0
109357,0
109358,0
109365,0
109366,0
109367,0
109368,0
109374,0
109378,0
109380,0
109381,0
109383,0
109385,0
109392,0
109393,0
109396,0
109400,0
109402,0
109403,0
109404,0
109405,0
109408,0
109411,0
109414,0
109415,0
109417,0
109418,0
109420,0
109426,0
109429,0
109432,0
109434,0
109437,0
109440,0
109442,0
109443,0
109447,0
109448,0
109451,0
109452,0
109454,0
109459,0
109462,0
109465,0
109467,0
109468,0
109470,0
109471,0
109472,0
109474,0
109475,0
109476,0
109490,0
109491,0
109492,0
109493,0
109496,0
109501,0
109502,0
109504,0
109508,0
109509,0
109511,0
109512,0
109517,0
109518,0
109523,0
109524,0
109525,0
109529,0
109530,0
109533,0
109535,0
109536,0
109542,0
109545,0
109548,0
109549,0
109550,0
109551,0
109552,0
109553,0
109556,0
109557,0
109563,0
109569,0
109570,0
109573,0
109574,0
109575,0
109582,0
109587,0
109589,0
109593,0
109596,0
109597,0
109600,0
109602,0
109603,0
109604,0
109606,0
109615,0
109616,0
109623,0
109624,0
109626,0
109627,0
109628,0
109639,0
109643,0
109646,0
109648,0
109651,0
109652,0
109654,0
109656,0
109660,0
109661,0
109662,0
109665,0
109669,0
109670,0
109672,0
109674,0
109675,0
109677,0
109679,0
109681,0
109685,0
109686,0
109690,0
109693,0
109694,0
109695,0
109701,0
109704,0
109706,0
109710,0
109713,0
109714,0
109717,0
109718,0
109724,0
109725,0
109727,0
109728,0
109730,0
109744,0
109745,0
109750,0
109753,0
109754,0
109758,0
109759,0
109760,0
109761,0
109766,0
109770,0
109771,0
109786,0
109787,0
109792,0
109797,0
109800,0
109802,0
109805,0
109807,0
109811,0
109813,0
109814,0
109815,0
109816,0
109819,0
109820,0
109825,0
109827,0
109828,0
109830,0
109831,0
109833,0
109835,0
109836,0
109842,0
109845,0
109846,0
109848,0
109854,0
109858,0
109859,0
109860,0
109865,0
109871,0
109872,0
109873,0
109874,0
109875,0
109876,0
109881,0
109882,0
109884,0
109886,0
109890,0
109893,0
109895,0
109899,0
109903,0
109904,0
109908,0
109910,0
109911,0
109914,0
109916,0
109920,0
109921,0
109922,0
109924,0
109927,0
109928,0
109932,0
109935,0
109939,0
109941,0
109949,0
109950,0
109953,0
109954,0
109958,0
109960,0
109963,0
109964,0
109967,0
109969,0
109970,0
109971,0
109973,0
109977,0
109978,0
109981,0
109984,0
109985,0
109987,0
109988,0
109991,0
109992,0
109994,0
109996,0
109998,0
110000,0
110001,0
110007,0
110009,0
110011,0
110014,0
110016,0
110017,0
110018,0
110019,0
110020,0
110021,0
110024,0
110025,0
110027,0
110035,0
110037,0
110038,0
110040,0
110041,0
110042,0
110045,0
110049,0
110050,0
110051,0
110059,0
110062,0
110063,0
110065,0
110066,0
110067,0
110068,0
110069,0
110072,0
110073,0
110077,0
110078,0
110079,0
110082,0
110088,0
110089,0
110090,0
110091,0
110094,0
110097,0
110101,0
110104,0
110109,0
110112,0
110117,0
110118,0
110119,0
110122,0
110123,0
110126,0
110127,0
110129,0
110133,0
110140,0
110144,0
110145,0
110148,0
110150,0
110151,0
110153,0
110160,0
110163,0
110164,0
110165,0
110169,0
110170,0
110174,0
110176,0
110181,0
110185,0
110187,0
110192,0
110193,0
110200,0
110201,0
110202,0
110203,0
110206,0
110213,0
110214,0
110215,0
110216,0
110218,0
110219,0
110220,0
110221,0
110222,0
110225,0
110227,0
110229,0
110232,0
110233,0
110242,0
110244,0
110249,0
110253,0
110262,0
110265,0
110267,0
110269,0
110272,0
110273,0
110274,0
110275,0
110284,0
110286,0
110287,0
110288,0
110293,0
110296,0
110297,0
110298,0
110299,0
110306,0
110308,0
110310,0
110311,0
110318,0
110322,0
110324,0
110328,0
110331,0
110333,0
110334,0
110335,0
110337,0
110343,0
110344,0
110345,0
110346,0
110347,0
110350,0
110353,0
110355,0
110359,0
110360,0
110364,0
110366,0
110367,0
110368,0
110371,0
110373,0
110375,0
110378,0
110380,0
110381,0
110383,0
110387,0
110388,0
110396,0
110406,0
110407,0
110410,0
110411,0
110419,0
110420,0
110422,0
110424,0
110431,0
110432,0
110434,0
110435,0
110436,0
110438,0
110439,0
110441,0
110448,0
110451,0
110452,0
110454,0
110455,0
110457,0
110458,0
110460,0
110462,0
110463,0
110466,0
110474,0
110475,0
110476,0
110477,0
110479,0
110481,0
110483,0
110484,0
110488,0
110490,0
110491,0
110497,0
110498,0
110499,0
110503,0
110505,0
110506,0
110508,0
110509,0
110513,0
110514,0
110516,0
110519,0
110520,0
110521,0
110522,0
110524,0
110526,0
110529,0
110530,0
110532,0
110534,0
110538,0
110540,0
110555,0
110556,0
110559,0
110560,0
110561,0
110562,0
110563,0
110567,0
110571,0
110572,0
110574,0
110575,0
110576,0
110577,0
110578,0
110580,0
110582,0
110586,0
110588,0
110589,0
110592,0
110595,0
110598,0
110599,0
110600,0
110601,0
110605,0
110606,0
110607,0
110611,0
110613,0
110614,0
110616,0
110617,0
110618,0
110620,0
110621,0
110623,0
110630,0
110631,0
110632,0
110635,0
110636,0
110639,0
110640,0
110648,0
110653,0
110655,0
110656,0
110659,0
110662,0
110663,0
110664,0
110668,0
110669,0
110670,0
110673,0
110674,0
110675,0
110676,0
110677,0
110679,0
110680,0
110685,0
110692,0
110693,0
110696,0
110698,0
110704,0
110706,0
110708,0
110709,0
110711,0
110712,0
110715,0
110716,0
110722,0
110723,0
110725,0
110726,0
110727,0
110728,0
110729,0
110731,0
110732,0
110733,0
110738,0
110741,0
110746,0
110747,0
110753,0
110756,0
110758,0
110759,0
110764,0
110767,0
110768,0
110770,0
110771,0
110775,0
110776,0
110779,0
110783,0
110787,0
110791,0
110792,0
110793,0
110795,0
110799,0
110800,0
110802,0
110807,0
110808,0
110812,0
110814,0
110815,0
110818,0
110819,0
110820,0
110821,0
110822,0
110824,0
110825,0
110826,0
110827,0
110828,0
110829,0
110832,0
110833,0
110835,0
110837,0
110842,0
110845,0
110846,0
110848,0
110852,0
110853,0
110854,0
110857,0
110859,0
110860,0
110863,0
110865,0
110869,0
110870,0
110871,0
110873,0
110875,0
110878,0
110879,0
110880,0
110881,0
110883,0
110884,0
110887,0
110891,0
110895,0
110897,0
110899,0
110901,0
110902,0
110903,0
110904,0
110905,0
110906,0
110909,0
110910,0
110911,0
110912,0
110918,0
110922,0
110924,0
110925,0
110926,0
110927,0
110934,0
110935,0
110940,0
110941,0
110944,0
110946,0
110950,0
110951,0
110954,0
110957,0
110958,0
110963,0
110965,0
110966,0
110968,0
110969,0
110970,0
110972,0
110974,0
110975,0
110981,0
110984,0
110989,0
110992,0
110993,0
110995,0
111000,0
111002,0
111003,0
111010,0
111017,0
111023,0
111025,0
111026,0
111027,0
111028,0
111029,0
111033,0
111036,0
111037,0
111038,0
111042,0
111044,0
111053,0
111055,0
111061,0
111063,0
111067,0
111068,0
111070,0
111074,0
111076,0
111077,0
111078,0
111083,0
111084,0
111086,0
111088,0
111093,0
111094,0
111096,0
111099,0
111101,0
111102,0
111108,0
111109,0
111113,0
111117,0
111118,0
111121,0
111122,0
111128,0
111129,0
111131,0
111132,0
111135,0
111137,0
111138,0
111141,0
111144,0
111145,0
111149,0
111153,0
111154,0
111155,0
111158,0
111167,0
111168,0
111169,0
111172,0
111177,0
111182,0
111183,0
111185,0
111191,0
111195,0
111198,0
111202,0
111203,0
111204,0
111207,0
111208,0
111212,0
111217,0
111223,0
111224,0
111227,0
111228,0
111230,0
111232,0
111235,0
111236,0
111238,0
111243,0
111249,0
111250,0
111251,0
111256,0
111260,0
111264,0
111265,0
111266,0
111268,0
111272,0
111273,0
111275,0
111276,0
111278,0
111286,0
111288,0
111291,0
111292,0
111296,0
111297,0
111299,0
111301,0
111302,0
111303,0
111304,0
111307,0
111309,0
111315,0
111319,0
111321,0
111328,0
111333,0
111334,0
111337,0
111339,0
111340,0
111342,0
111349,0
111352,0
111353,0
111355,0
111357,0
111358,0
111359,0
111364,0
111365,0
111369,0
111370,0
111375,0
111377,0
111378,0
111379,0
111382,0
111383,0
111384,0
111386,0
111392,0
111393,0
111396,0
111398,0
111401,0
111404,0
111405,0
111408,0
111409,0
111413,0
111418,0
111419,0
111423,0
111425,0
111429,0
111430,0
111431,0
111433,0
111434,0
111437,0
111438,0
111439,0
111440,0
111442,0
111443,0
111444,0
111445,0
111447,0
111449,0
111456,0
111459,0
111462,0
111463,0
111464,0
111466,0
111471,0
111472,0
111473,0
111474,0
111475,0
111476,0
111477,0
111480,0
111484,0
111485,0
111487,0
111488,0
111497,0
111500,0
111501,0
111502,0
111504,0
111505,0
111507,0
111508,0
111512,0
111513,0
111515,0
111517,0
111518,0
111519,0
111523,0
111526,0
111527,0
111529,0
111532,0
111537,0
111540,0
111541,0
111543,0
111546,0
111549,0
111552,0
111553,0
111554,0
111556,0
111565,0
111571,0
111572,0
111573,0
111577,0
111578,0
111580,0
111581,0
111587,0
111592,0
111595,0
111596,0
111603,0
111606,0
111607,0
111608,0
111610,0
111611,0
111613,0
111614,0
111617,0
111624,0
111625,0
111626,0
111627,0
111628,0
111630,0
111633,0
111638,0
111641,0
111643,0
111645,0
111646,0
111647,0
111652,0
111653,0
111654,0
111655,0
111659,0
111661,0
111663,0
111665,0
111667,0
111668,0
111669,0
111673,0
111675,0
111676,0
111677,0
111678,0
111680,0
111684,0
111686,0
111688,0
111690,0
111691,0
111692,0
111693,0
111696,0
111701,0
111702,0
111706,0
111708,0
111711,0
111713,0
111717,0
111718,0
111723,0
111725,0
111726,0
111727,0
111729,0
111731,0
111732,0
111734,0
111735,0
111737,0
111739,0
111741,0
111743,0
111744,0
111749,0
111750,0
111751,0
111755,0
111758,0
111759,0
111760,0
111762,0
111763,0
111768,0
111770,0
111773,0
111775,0
111776,0
111777,0
111783,0
111785,0
111786,0
111787,0
111798,0
111800,0
111801,0
111802,0
111805,0
111809,0
111810,0
111812,0
111813,0
111817,0
111820,0
111823,0
111828,0
111829,0
111833,0
111843,0
111844,0
111847,0
111849,0
111853,0
111855,0
111857,0
111858,0
111859,0
111861,0
111864,0
111866,0
111867,0
111870,0
111875,0
111876,0
111878,0
111880,0
111881,0
111882,0
111883,0
111888,0
111893,0
111894,0
111905,0
111908,0
111913,0
111917,0
111919,0
111920,0
111927,0
111930,0
111936,0
111938,0
111940,0
111941,0
111942,0
111946,0
111947,0
111949,0
111951,0
111962,0
111964,0
111965,0
111971,0
111972,0
111973,0
111976,0
111978,0
111981,0
111984,0
111987,0
111993,0
111996,0
112000,0
112001,0
112002,0
112003,0
112004,0
112005,0
112009,0
112015,0
112016,0
112018,0
112021,0
112023,0
112027,0
112033,0
112034,0
112039,0
112042,0
112047,0
112048,0
112050,0
112052,0
112056,0
112061,0
112062,0
112063,0
112065,0
112066,0
112068,0
112070,0
112072,0
112075,0
112076,0
112080,0
112081,0
112083,0
112087,0
112089,0
112090,0
112093,0
112094,0
112098,0
112101,0
112103,0
112107,0
112109,0
112111,0
112114,0
112115,0
112118,0
112119,0
112123,0
112127,0
112132,0
112133,0
112134,0
112141,0
112142,0
112145,0
112146,0
112147,0
112148,0
112149,0
112151,0
112152,0
112154,0
112168,0
112169,0
112171,0
112176,0
112179,0
112180,0
112181,0
112183,0
112184,0
112185,0
112187,0
112188,0
112189,0
112191,0
112193,0
112196,0
112199,0
112204,0
112214,0
112215,0
112217,0
112218,0
112220,0
112221,0
112222,0
112224,0
112228,0
112229,0
112233,0
112234,0
112236,0
112237,0
112239,0
112240,0
112244,0
112246,0
112247,0
112251,0
112259,0
112260,0
112264,0
112266,0
112271,0
112273,0
112286,0
112291,0
112292,0
112293,0
112295,0
112296,0
112298,0
112299,0
112302,0
112308,0
112311,0
112312,0
112314,0
112323,0
112327,0
112328,0
112329,0
112332,0
112335,0
112338,0
112340,0
112344,0
112346,0
112348,0
112354,0
112356,0
112362,0
112363,0
112364,0
112366,0
112372,0
112373,0
112374,0
112375,0
112378,0
112379,0
112381,0
112383,0
112384,0
112385,0
112387,0
112388,0
112391,0
112393,0
112397,0
112398,0
112399,0
112401,0
112404,0
112405,0
112410,0
112411,0
112412,0
112421,0
112422,0
112424,0
112426,0
112429,0
112430,0
112431,0
112432,0
112433,0
112434,0
112436,0
112438,0
112440,0
112448,0
112449,0
112451,0
112452,0
112454,0
112458,0
112459,0
112460,0
112461,0
112465,0
112468,0
112470,0
112471,0
112473,0
112475,0
112478,0
112480,0
112481,0
112484,0
112485,0
112488,0
112489,0
112492,0
112494,0
112496,0
112498,0
112499,0
112500,0
112502,0
112505,0
112506,0
112507,0
112512,0
112514,0
112515,0
112517,0
112518,0
112523,0
112526,0
112528,0
112531,0
112532,0
112533,0
112537,0
112538,0
112543,0
112550,0
112551,0
112553,0
112557,0
112559,0
112560,0
112564,0
112566,0
112567,0
112570,0
112572,0
112574,0
112575,0
112581,0
112582,0
112594,0
112597,0
112599,0
112600,0
112602,0
112603,0
112604,0
112606,0
112610,0
112613,0
112615,0
112616,0
112618,0
112621,0
112625,0
112626,0
112631,0
112632,0
112634,0
112637,0
112639,0
112641,0
112642,0
112645,0
112646,0
112648,0
112654,0
112661,0
112662,0
112665,0
112672,0
112673,0
112675,0
112677,0
112680,0
112682,0
112686,0
112687,0
112688,0
112689,0
112691,0
112693,0
112697,0
112700,0
112703,0
112710,0
112711,0
112712,0
112714,0
112717,0
112719,0
112720,0
112723,0
112725,0
112726,0
112729,0
112730,0
112733,0
112734,0
112738,0
112740,0
112744,0
112745,0
112746,0
112749,0
112751,0
112752,0
112755,0
112761,0
112762,0
112764,0
112765,0
112766,0
112767,0
112769,0
112773,0
112774,0
112775,0
112778,0
112779,0
112781,0
112783,0
112790,0
112793,0
112794,0
112796,0
112797,0
112801,0
112803,0
112805,0
112811,0
112812,0
112813,0
112815,0
112820,0
112823,0
112826,0
112828,0
112829,0
112830,0
112831,0
112839,0
112844,0
112846,0
112850,0
112852,0
112855,0
112860,0
112862,0
112863,0
112866,0
112869,0
112871,0
112872,0
112873,0
112878,0
112881,0
112882,0
112883,0
112892,0
112894,0
112895,0
112896,0
112898,0
112901,0
112903,0
112904,0
112907,0
112909,0
112914,0
112919,0
112921,0
112924,0
112926,0
112927,0
112930,0
112932,0
112933,0
112936,0
112938,0
112939,0
112942,0
112946,0
112947,0
112951,0
112954,0
112956,0
112957,0
112959,0
112960,0
112961,0
112962,0
112963,0
112966,0
112968,0
112970,0
112971,0
112974,0
112979,0
112983,0
112989,0
112993,0
112995,0
112999,0
113000,0
113005,0
113009,0
113010,0
113013,0
113014,0
113015,0
113021,0
113027,0
113032,0
113036,0
113037,0
113038,0
113039,0
113040,0
113042,0
113043,0
113046,0
113049,0
113051,0
113052,0
113054,0
113056,0
113059,0
113063,0
113064,0
113065,0
113068,0
113073,0
113075,0
113077,0
113078,0
113089,0
113090,0
113092,0
113095,0
113096,0
113100,0
113103,0
113104,0
113108,0
113110,0
113113,0
113114,0
113115,0
113116,0
113117,0
113118,0
113123,0
113126,0
113128,0
113129,0
113131,0
113135,0
113138,0
113140,0
113147,0
113152,0
113153,0
113154,0
113158,0
113159,0
113161,0
113162,0
113164,0
113166,0
113169,0
113173,0
113176,0
113177,0
113179,0
113180,0
113181,0
113185,0
113187,0
113189,0
113191,0
113192,0
113198,0
113201,0
113202,0
113204,0
113205,0
113210,0
113212,0
113213,0
113216,0
113217,0
113218,0
113219,0
113220,0
113221,0
113222,0
113224,0
113227,0
113231,0
113233,0
113234,0
113235,0
113236,0
113244,0
113245,0
113246,0
113247,0
113248,0
113249,0
113250,0
113251,0
113255,0
113256,0
113257,0
113264,0
113265,0
113268,0
113271,0
113274,0
113275,0
113276,0
113279,0
113282,0
113286,0
113287,0
113289,0
113290,0
113293,0
113297,0
113299,0
113301,0
113303,0
113305,0
113306,0
113307,0
113309,0
113311,0
113314,0
113318,0
113319,0
113322,0
113325,0
113326,0
113330,0
113331,0
113333,0
113334,0
113336,0
113337,0
113339,0
113342,0
113343,0
113344,0
113351,0
113354,0
113355,0
113357,0
113361,0
113366,0
113367,0
113368,0
113371,0
113373,0
113374,0
113376,0
113382,0
113383,0
113386,0
113387,0
113389,0
113390,0
113391,0
113392,0
113398,0
113403,0
113406,0
113407,0
113409,0
113411,0
113420,0
113421,0
113423,0
113424,0
113427,0
113428,0
113431,0
113432,0
113435,0
113437,0
113438,0
113440,0
113444,0
113445,0
113453,0
113454,0
113456,0
113458,0
113459,0
113463,0
113466,0
113467,0
113469,0
113470,0
113472,0
113474,0
113482,0
113483,0
113484,0
113486,0
113489,0
113490,0
113491,0
113492,0
113494,0
113495,0
113499,0
113503,0
113505,0
113509,0
113513,0
113514,0
113516,0
113517,0
113521,0
113525,0
113526,0
113528,0
113530,0
113531,0
113532,0
113534,0
113536,0
113537,0
113541,0
113542,0
113543,0
113547,0
113548,0
113553,0
113556,0
113558,0
113564,0
113565,0
113566,0
113568,0
113569,0
113571,0
113572,0
113573,0
113576,0
113578,0
113581,0
113583,0
113584,0
113585,0
113592,0
113598,0
113599,0
113600,0
113604,0
113606,0
113607,0
113609,0
113610,0
113614,0
113615,0
113616,0
113620,0
113625,0
113631,0
113633,0
113634,0
113635,0
113636,0
113639,0
113640,0
113644,0
113652,0
113653,0
113654,0
113655,0
113665,0
113669,0
113671,0
113672,0
113673,0
113674,0
113677,0
113678,0
113679,0
113686,0
113688,0
113690,0
113692,0
113694,0
113696,0
113697,0
113702,0
113703,0
113704,0
113705,0
113711,0
113716,0
113718,0
113719,0
113721,0
113723,0
113726,0
113727,0
113728,0
113729,0
113734,0
113737,0
113739,0
113742,0
113744,0
113745,0
113748,0
113755,0
113756,0
113758,0
113764,0
113765,0
113769,0
113770,0
113771,0
113776,0
113777,0
113778,0
113782,0
113783,0
113786,0
113791,0
113792,0
113794,0
113795,0
113796,0
113798,0
113799,0
113800,0
113802,0
113805,0
113806,0
113807,0
113811,0
113812,0
113820,0
113821,0
113822,0
113825,0
113828,0
113829,0
113838,0
113839,0
113841,0
113845,0
113851,0
113855,0
113860,0
113862,0
113868,0
113871,0
113873,0
113874,0
113875,0
113876,0
113878,0
113883,0
113884,0
113885,0
113888,0
113891,0
113892,0
113893,0
113896,0
113899,0
113900,0
113904,0
113906,0
113913,0
113917,0
113919,0
113923,0
113931,0
113932,0
113934,0
113935,0
113936,0
113938,0
113941,0
113942,0
113947,0
113951,0
113955,0
113956,0
113957,0
113959,0
113961,0
113964,0
113965,0
113966,0
113967,0
113970,0
113974,0
113975,0
113976,0
113977,0
113981,0
113983,0
113987,0
113991,0
113993,0
113997,0
114000,0
114001,0
114003,0
114005,0
114007,0
114008,0
114009,0
114013,0
114018,0
114021,0
114022,0
114025,0
114026,0
114033,0
114034,0
114040,0
114043,0
114045,0
114048,0
114051,0
114060,0
114062,0
114066,0
114073,0
114075,0
114078,0
114080,0
114081,0
114082,0
114085,0
114087,0
114089,0
114094,0
114097,0
114098,0
114099,0
114101,0
114102,0
114103,0
114107,0
114108,0
114121,0
114122,0
114123,0
114125,0
114128,0
114129,0
114135,0
114136,0
114138,0
114139,0
114143,0
114152,0
114154,0
114156,0
114166,0
114167,0
114169,0
114173,0
114174,0
114176,0
114177,0
114179,0
114180,0
114183,0
114185,0
114189,0
114191,0
114195,0
114196,0
114200,0
114204,0
114205,0
114207,0
114212,0
114216,0
114217,0
114220,0
114223,0
114227,0
114229,0
114230,0
114232,0
114235,0
114237,0
114239,0
114241,0
114244,0
114247,0
114248,0
114251,0
114255,0
114257,0
114269,0
114271,0
114273,0
114274,0
114277,0
114279,0
114280,0
114283,0
114285,0
114286,0
114292,0
114295,0
114300,0
114302,0
114303,0
114304,0
114309,0
114310,0
114311,0
114312,0
114316,0
114320,0
114323,0
114324,0
114325,0
114329,0
114331,0
114332,0
114334,0
114335,0
114339,0
114340,0
114342,0
114343,0
114344,0
114345,0
114346,0
114350,0
114353,0
114358,0
114359,0
114364,0
114365,0
114367,0
114368,0
114369,0
114371,0
114373,0
114376,0
114377,0
114378,0
114379,0
114382,0
114383,0
114386,0
114388,0
114391,0
114392,0
114397,0
114399,0
114401,0
114404,0
114407,0
114408,0
114410,0
114411,0
114413,0
114414,0
114426,0
114429,0
114433,0
114440,0
114444,0
114450,0
114452,0
114453,0
114454,0
114455,0
114458,0
114460,0
114461,0
114464,0
114469,0
114472,0
114473,0
114477,0
114480,0
114483,0
114484,0
114490,0
114492,0
114496,0
114498,0
114502,0
114504,0
114508,0
114510,0
114512,0
114514,0
114518,0
114522,0
114524,0
114525,0
114527,0
114529,0
114533,0
114539,0
114542,0
114545,0
114550,0
114551,0
114552,0
114556,0
114557,0
114559,0
114560,0
114561,0
114564,0
114566,0
114567,0
114574,0
114581,0
114582,0
114583,0
114586,0
114588,0
114590,0
114593,0
114594,0
114597,0
114599,0
114602,0
114604,0
114606,0
114607,0
114611,0
114613,0
114614,0
114618,0
114621,0
114622,0
114623,0
114625,0
114629,0
114631,0
114633,0
114635,0
114636,0
114637,0
114638,0
114642,0
114645,0
114649,0
114654,0
114659,0
114662,0
114665,0
114666,0
114668,0
114670,0
114671,0
114672,0
114680,0
114681,0
114683,0
114684,0
114687,0
114688,0
114691,0
114693,0
114695,0
114699,0
114700,0
114704,0
114705,0
114707,0
114708,0
114710,0
114713,0
114715,0
114716,0
114717,0
114719,0
114720,0
114721,0
114725,0
114726,0
114730,0
114732,0
114735,0
114736,0
114737,0
114742,0
114745,0
114746,0
114748,0
114751,0
114754,0
114756,0
114757,0
114761,0
114762,0
114763,0
114764,0
114765,0
114766,0
114770,0
114775,0
114779,0
114781,0
114783,0
114784,0
114786,0
114792,0
114795,0
114796,0
114797,0
114802,0
114804,0
114806,0
114808,0
114810,0
114812,0
114813,0
114816,0
114824,0
114829,0
114830,0
114831,0
114834,0
114842,0
114844,0
114846,0
114848,0
114850,0
114851,0
114855,0
114856,0
114857,0
114858,0
114863,0
114864,0
114865,0
114867,0
114869,0
114872,0
114874,0
114875,0
114876,0
114877,0
114879,0
114881,0
114884,0
114885,0
114887,0
114888,0
114889,0
114890,0
114893,0
114894,0
114895,0
114903,0
114905,0
114910,0
114911,0
114915,0
114917,0
114919,0
114921,0
114922,0
114923,0
114924,0
114928,0
114930,0
114934,0
114936,0
114944,0
114948,0
114950,0
114952,0
114956,0
114958,0
114960,0
114962,0
114965,0
114967,0
114971,0
114972,0
114973,0
114976,0
114978,0
114979,0
114980,0
114981,0
114984,0
114986,0
114993,0
114994,0
114998,0
114999,0
115000,0
115003,0
115004,0
115005,0
115007,0
115012,0
115014,0
115016,0
115017,0
115023,0
115029,0
115033,0
115042,0
115044,0
115045,0
115049,0
115052,0
115057,0
115059,0
115062,0
115066,0
115067,0
115068,0
115070,0
115073,0
115077,0
115080,0
115081,0
115082,0
115083,0
115086,0
115088,0
115095,0
115097,0
115100,0
115101,0
115105,0
115106,0
115107,0
115108,0
115109,0
115112,0
115115,0
115117,0
115118,0
115119,0
115121,0
115123,0
115124,0
115131,0
115135,0
115138,0
115139,0
115141,0
115146,0
115147,0
115148,0
115151,0
115154,0
115155,0
115156,0
115159,0
115160,0
115161,0
115163,0
115174,0
115175,0
115176,0
115177,0
115178,0
115180,0
115182,0
115184,0
115185,0
115186,0
115187,0
115192,0
115193,0
115200,0
115201,0
115204,0
115205,0
115210,0
115216,0
115220,0
115221,0
115230,0
115231,0
115232,0
115234,0
115236,0
115237,0
115238,0
115239,0
115246,0
115252,0
115255,0
115257,0
115258,0
115261,0
115265,0
115267,0
115271,0
115276,0
115277,0
115279,0
115285,0
115294,0
115296,0
115298,0
115305,0
115311,0
115315,0
115319,0
115325,0
115326,0
115327,0
115328,0
115333,0
115336,0
115338,0
115340,0
115344,0
115346,0
115347,0
115348,0
115350,0
115351,0
115363,0
115364,0
115365,0
115366,0
115368,0
115372,0
115373,0
115374,0
115375,0
115378,0
115383,0
115384,0
115386,0
115388,0
115389,0
115390,0
115391,0
115392,0
115394,0
115396,0
115397,0
115399,0
115401,0
115402,0
115404,0
115405,0
115409,0
115412,0
115413,0
115414,0
115415,0
115420,0
115423,0
115424,0
115426,0
115427,0
115432,0
115433,0
115435,0
115437,0
115438,0
115439,0
115441,0
115443,0
115446,0
115449,0
115450,0
115451,0
115453,0
115455,0
115458,0
115461,0
115462,0
115464,0
115466,0
115472,0
115473,0
115475,0
115476,0
115479,0
115480,0
115481,0
115482,0
115485,0
115487,0
115488,0
115489,0
115493,0
115494,0
115496,0
115498,0
115505,0
115506,0
115507,0
115511,0
115512,0
115526,0
115531,0
115533,0
115534,0
115535,0
115536,0
115542,0
115548,0
115549,0
115552,0
115554,0
115558,0
115561,0
115564,0
115565,0
115567,0
115571,0
115572,0
115574,0
115576,0
115578,0
115587,0
115590,0
115596,0
115598,0
115599,0
115600,0
115602,0
115606,0
115607,0
115608,0
115610,0
115612,0
115615,0
115616,0
115620,0
115622,0
115623,0
115624,0
115634,0
115637,0
115639,0
115640,0
115645,0
115648,0
115650,0
115651,0
115663,0
115671,0
115672,0
115674,0
115677,0
115679,0
115682,0
115685,0
115686,0
115687,0
115688,0
115689,0
115690,0
115694,0
115695,0
115702,0
115705,0
115707,0
115710,0
115711,0
115713,0
115716,0
115724,0
115726,0
115730,0
115731,0
115732,0
115737,0
115739,0
115741,0
115742,0
115744,0
115754,0
115755,0
115756,0
115759,0
115760,0
115761,0
115766,0
115767,0
115769,0
115771,0
115773,0
115776,0
115779,0
115780,0
115781,0
115782,0
115783,0
115784,0
115787,0
115788,0
115791,0
115794,0
115796,0
115797,0
115798,0
115802,0
115804,0
115807,0
115808,0
115810,0
115811,0
115812,0
115813,0
115814,0
115816,0
115819,0
115821,0
115824,0
115826,0
115828,0
115829,0
115832,0
115834,0
115835,0
115839,0
115840,0
115841,0
115843,0
115846,0
115847,0
115848,0
115849,0
115850,0
115855,0
115857,0
115859,0
115860,0
115861,0
115864,0
115865,0
115870,0
115872,0
115877,0
115878,0
115879,0
115886,0
115888,0
115891,0
115892,0
115893,0
115895,0
115898,0
115901,0
115902,0
115910,0
115918,0
115930,0
115932,0
115934,0
115936,0
115938,0
115946,0
115947,0
115952,0
115955,0
115956,0
115965,0
115966,0
115968,0
115970,0
115972,0
115973,0
115978,0
115981,0
115982,0
115983,0
115984,0
115985,0
115989,0
115995,0
115996,0
115997,0
116000,0
116005,0
116007,0
116008,0
116014,0
116016,0
116017,0
116018,0
116019,0
116021,0
116024,0
116026,0
116027,0
116028,0
116030,0
116032,0
116039,0
116041,0
116042,0
116043,0
116044,0
116048,0
116053,0
116060,0
116061,0
116065,0
116066,0
116070,0
116071,0
116072,0
116073,0
116074,0
116075,0
116076,0
116078,0
116079,0
116085,0
116087,0
116092,0
116093,0
116095,0
116096,0
116098,0
116104,0
116111,0
116113,0
116115,0
116116,0
116117,0
116124,0
116127,0
116128,0
116129,0
116131,0
116133,0
116135,0
116138,0
116144,0
116147,0
116150,0
116151,0
116154,0
116160,0
116161,0
116162,0
116163,0
116164,0
116165,0
116166,0
116171,0
116172,0
116173,0
116175,0
116176,0
116178,0
116180,0
116181,0
116182,0
116183,0
116186,0
116189,0
116190,0
116194,0
116197,0
116200,0
116201,0
116203,0
116204,0
116205,0
116209,0
116210,0
116213,0
116215,0
116220,0
116223,0
116224,0
116231,0
116232,0
116234,0
116237,0
116240,0
116241,0
116244,0
116247,0
116248,0
116250,0
116252,0
116254,0
116256,0
116262,0
116263,0
116266,0
116269,0
116270,0
116271,0
116273,0
116280,0
116283,0
116284,0
116285,0
116289,0
116291,0
116294,0
116298,0
116300,0
116302,0
116304,0
116307,0
116309,0
116310,0
116314,0
116315,0
116316,0
116319,0
116323,0
116324,0
116330,0
116332,0
116334,0
116336,0
116338,0
116340,0
116342,0
116343,0
116344,0
116345,0
116347,0
116349,0
116353,0
116354,0
116357,0
116361,0
116364,0
116366,0
116369,0
116371,0
116373,0
116375,0
116376,0
116385,0
116388,0
116389,0
116394,0
116396,0
116397,0
116399,0
116405,0
116406,0
116407,0
116412,0
116413,0
116417,0
116427,0
116430,0
116432,0
116434,0
116435,0
116436,0
116437,0
116441,0
116442,0
116445,0
116454,0
116455,0
116456,0
116457,0
116464,0
116467,0
116472,0
116473,0
116475,0
116476,0
116480,0
116481,0
116484,0
116487,0
116490,0
116492,0
116493,0
116500,0
116502,0
116504,0
116505,0
116506,0
116508,0
116510,0
116513,0
116514,0
116515,0
116517,0
116518,0
116520,0
116522,0
116524,0
116525,0
116526,0
116528,0
116531,0
116533,0
116536,0
116540,0
116551,0
116552,0
116553,0
116556,0
116558,0
116559,0
116562,0
116564,0
116565,0
116567,0
116569,0
116571,0
116573,0
116574,0
116575,0
116576,0
116577,0
116583,0
116586,0
116588,0
116591,0
116593,0
116595,0
116597,0
116598,0
116599,0
116601,0
116603,0
116611,0
116613,0
116614,0
116615,0
116618,0
116619,0
116624,0
116628,0
116629,0
116634,0
116639,0
116646,0
116652,0
116655,0
116656,0
116661,0
116671,0
116676,0
116680,0
116684,0
116685,0
116688,0
116690,0
116693,0
116694,0
116695,0
116696,0
116700,0
116707,0
116708,0
116712,0
116718,0
116720,0
116722,0
116724,0
116727,0
116728,0
116730,0
116740,0
116741,0
116744,0
116745,0
116747,0
116749,0
116750,0
116756,0
116757,0
116761,0
116764,0
116765,0
116767,0
116768,0
116774,0
116776,0
116777,0
116778,0
116782,0
116783,0
116786,0
116787,0
116793,0
116796,0
116797,0
116799,0
116807,0
116809,0
116810,0
116811,0
116815,0
116820,0
116821,0
116824,0
116825,0
116828,0
116829,0
116830,0
116831,0
116834,0
116840,0
116844,0
116847,0
116851,0
116852,0
116853,0
116856,0
116858,0
116860,0
116865,0
116866,0
116874,0
116876,0
116884,0
116886,0
116888,0
116890,0
116892,0
116893,0
116896,0
116898,0
116899,0
116900,0
116902,0
116906,0
116908,0
116909,0
116910,0
116911,0
116912,0
116914,0
116915,0
116918,0
116919,0
116920,0
116929,0
116930,0
116936,0
116938,0
116939,0
116940,0
116942,0
116944,0
116947,0
116950,0
116954,0
116955,0
116957,0
116959,0
116964,0
116965,0
116967,0
116973,0
116974,0
116975,0
116976,0
116978,0
116982,0
116984,0
116987,0
116989,0
116991,0
116994,0
116995,0
117000,0
117005,0
117006,0
117009,0
117011,0
117012,0
117016,0
117017,0
117021,0
117023,0
117025,0
117028,0
117031,0
117032,0
117034,0
117035,0
117038,0
117040,0
117041,0
117049,0
117052,0
117055,0
117064,0
117071,0
117072,0
117073,0
117074,0
117076,0
117077,0
117079,0
117082,0
117083,0
117087,0
117090,0
117091,0
117093,0
117094,0
117099,0
117105,0
117107,0
117108,0
117111,0
117113,0
117114,0
117115,0
117116,0
117119,0
117124,0
117125,0
117126,0
117130,0
117131,0
117132,0
117143,0
117144,0
117146,0
117147,0
117148,0
117157,0
117158,0
117159,0
117164,0
117168,0
117174,0
117176,0
117179,0
117181,0
117183,0
117184,0
117185,0
117186,0
117189,0
117197,0
117199,0
117200,0
117201,0
117204,0
117206,0
117207,0
117211,0
117216,0
117217,0
117218,0
117219,0
117222,0
117226,0
117227,0
117228,0
117230,0
117233,0
117241,0
117246,0
117253,0
117257,0
117259,0
117260,0
117265,0
117267,0
117270,0
117277,0
117280,0
117281,0
117282,0
117284,0
117286,0
117289,0
117291,0
117292,0
117293,0
117296,0
117297,0
117298,0
117302,0
117303,0
117304,0
117309,0
117312,0
117313,0
117314,0
117315,0
117317,0
117319,0
117321,0
117327,0
117329,0
117333,0
117334,0
117336,0
117341,0
117342,0
117346,0
117349,0
117350,0
117363,0
117372,0
117373,0
117375,0
117377,0
117380,0
117385,0
117386,0
117388,0
117390,0
117393,0
117397,0
117398,0
117399,0
117401,0
117404,0
117413,0
117420,0
117421,0
117428,0
117429,0
117430,0
117433,0
117441,0
117443,0
117445,0
117449,0
117450,0
117451,0
117453,0
117454,0
117455,0
117456,0
117457,0
117458,0
117462,0
117464,0
117465,0
117466,0
117471,0
117473,0
117477,0
117478,0
117479,0
117481,0
117484,0
117488,0
117489,0
117490,0
117491,0
117492,0
117498,0
117502,0
117503,0
117504,0
117506,0
117507,0
117508,0
117509,0
117510,0
117516,0
117517,0
117520,0
117521,0
117524,0
117525,0
117534,0
117535,0
117537,0
117542,0
117545,0
117546,0
117548,0
117550,0
117553,0
117554,0
117561,0
117564,0
117566,0
117568,0
117575,0
117576,0
117581,0
117582,0
117584,0
117585,0
117586,0
117588,0
117589,0
117593,0
117597,0
117600,0
117601,0
117607,0
117608,0
117609,0
117610,0
117614,0
117616,0
117621,0
117623,0
117628,0
117632,0
117633,0
117634,0
117635,0
117641,0
117642,0
117648,0
117649,0
117650,0
117653,0
117654,0
117655,0
117657,0
117659,0
117660,0
117661,0
117662,0
117663,0
117669,0
117676,0
117679,0
117681,0
117688,0
117691,0
117694,0
117696,0
117698,0
117699,0
117701,0
117703,0
117709,0
117711,0
117712,0
117715,0
117716,0
117718,0
117725,0
117727,0
117728,0
117729,0
117730,0
117732,0
117733,0
117736,0
117738,0
117743,0
117744,0
117745,0
117747,0
117748,0
117751,0
117755,0
117756,0
117757,0
117759,0
117760,0
117763,0
117766,0
117768,0
117769,0
117772,0
117776,0
117777,0
117786,0
117789,0
117791,0
117792,0
117795,0
117800,0
117804,0
117806,0
117811,0
117814,0
117817,0
117818,0
117819,0
117820,0
117821,0
117822,0
117825,0
117827,0
117828,0
117829,0
117830,0
117831,0
117840,0
117841,0
117847,0
117851,0
117852,0
117853,0
117860,0
117861,0
117866,0
117868,0
117872,0
117874,0
117875,0
117879,0
117880,0
117881,0
117885,0
117888,0
117895,0
117896,0
117897,0
117899,0
117910,0
117911,0
117913,0
117914,0
117915,0
117919,0
117920,0
117921,0
117924,0
117927,0
117929,0
117933,0
117936,0
117937,0
117940,0
117945,0
117947,0
117951,0
117956,0
117958,0
117959,0
117961,0
117962,0
117963,0
117965,0
117967,0
117968,0
117971,0
117972,0
117974,0
117975,0
117977,0
117978,0
117980,0
117981,0
117983,0
117984,0
117987,0
117988,0
117992,0
117993,0
117994,0
117999,0
118000,0
118003,0
118004,0
118006,0
118012,0
118013,0
118014,0
118015,0
118016,0
118017,0
118018,0
118019,0
118023,0
118025,0
118026,0
118027,0
118029,0
118033,0
118038,0
118042,0
118043,0
118046,0
118054,0
118059,0
118064,0
118067,0
118069,0
118074,0
118077,0
118079,0
118080,0
118083,0
118085,0
118091,0
118093,0
118098,0
118100,0
118101,0
118103,0
118104,0
118108,0
118111,0
118114,0
118116,0
118118,0
118119,0
118120,0
118121,0
118124,0
118127,0
118128,0
118130,0
118133,0
118134,0
118135,0
118136,0
118137,0
118140,0
118143,0
118144,0
118146,0
118147,0
118154,0
118155,0
118158,0
118159,0
118160,0
118161,0
118166,0
118168,0
118173,0
118174,0
118175,0
118176,0
118177,0
118184,0
118189,0
118190,0
118191,0
118192,0
118195,0
118197,0
118198,0
118207,0
118208,0
118210,0
118211,0
118215,0
118219,0
118221,0
118225,0
118226,0
118232,0
118234,0
118237,0
118239,0
118244,0
118247,0
118248,0
118249,0
118251,0
118252,0
118253,0
118254,0
118260,0
118264,0
118265,0
118266,0
118268,0
118270,0
118271,0
118276,0
118277,0
118279,0
118280,0
118282,0
118284,0
118285,0
118287,0
118288,0
118290,0
118293,0
118296,0
118299,0
118305,0
118307,0
118308,0
118309,0
118311,0
118313,0
118316,0
118321,0
118324,0
118326,0
118331,0
118336,0
118337,0
118343,0
118344,0
118351,0
118355,0
118356,0
118357,0
118363,0
118365,0
118366,0
118368,0
118370,0
118375,0
118378,0
118383,0
118386,0
118389,0
118392,0
118394,0
118395,0
118396,0
118399,0
118400,0
118402,0
118404,0
118406,0
118407,0
118410,0
118412,0
118418,0
118419,0
118426,0
118428,0
118429,0
118437,0
118441,0
118442,0
118445,0
118447,0
118448,0
118451,0
118452,0
118454,0
118456,0
118460,0
118462,0
118463,0
118464,0
118467,0
118469,0
118470,0
118472,0
118479,0
118485,0
118486,0
118492,0
118494,0
118496,0
118497,0
118498,0
118499,0
118502,0
118503,0
118508,0
118509,0
118512,0
118515,0
118516,0
118518,0
118519,0
118524,0
118529,0
118531,0
118532,0
118535,0
118536,0
118538,0
118539,0
118540,0
118541,0
118542,0
118545,0
118547,0
118550,0
118551,0
118555,0
118556,0
118557,0
118560,0
118574,0
118575,0
118578,0
118579,0
118581,0
118582,0
118585,0
118586,0
118593,0
118597,0
118599,0
118606,0
118611,0
118613,0
118615,0
118619,0
118621,0
118624,0
118625,0
118628,0
118633,0
118636,0
118638,0
118640,0
118641,0
118643,0
118648,0
118653,0
118654,0
118656,0
118657,0
118662,0
118664,0
118667,0
118668,0
118672,0
118676,0
118679,0
118683,0
118686,0
118691,0
118692,0
118694,0
118697,0
118700,0
118703,0
118704,0
118705,0
118707,0
118708,0
118712,0
118722,0
118723,0
118724,0
118725,0
118726,0
118733,0
118736,0
118738,0
118741,0
118743,0
118745,0
118746,0
118747,0
118749,0
118750,0
118751,0
118752,0
118753,0
118758,0
118761,0
118764,0
118765,0
118767,0
118770,0
118771,0
118775,0
118776,0
118779,0
118786,0
118787,0
118790,0
118793,0
118795,0
118796,0
118806,0
118808,0
118810,0
118811,0
118813,0
118816,0
118817,0
118819,0
118824,0
118827,0
118828,0
118830,0
118832,0
118833,0
118837,0
118843,0
118845,0
118850,0
118851,0
118853,0
118854,0
118855,0
118858,0
118859,0
118861,0
118864,0
118865,0
118874,0
118876,0
118879,0
118885,0
118886,0
118888,0
118890,0
118892,0
118893,0
118894,0
118897,0
118900,0
118902,0
118906,0
118907,0
118908,0
118910,0
118911,0
118913,0
118917,0
118920,0
118924,0
118925,0
118927,0
118928,0
118929,0
118931,0
118934,0
118935,0
118936,0
118938,0
118940,0
118942,0
118944,0
118945,0
118949,0
118954,0
118957,0
118964,0
118967,0
118971,0
118972,0
118974,0
118977,0
118980,0
118984,0
118986,0
118988,0
118993,0
118995,0
118998,0
119002,0
119004,0
119005,0
119015,0
119020,0
119021,0
119028,0
119029,0
119031,0
119037,0
119040,0
119042,0
119045,0
119047,0
119049,0
119052,0
119053,0
119055,0
119056,0
119057,0
119058,0
119061,0
119063,0
119067,0
119068,0
119073,0
119075,0
119079,0
119083,0
119088,0
119092,0
119097,0
119100,0
119101,0
119104,0
119106,0
119109,0
119111,0
119118,0
119121,0
119125,0
119130,0
119131,0
119133,0
119139,0
119143,0
119144,0
119151,0
119152,0
119157,0
119167,0
119168,0
119169,0
119172,0
119174,0
119177,0
119178,0
119182,0
119183,0
119186,0
119192,0
119193,0
119197,0
119198,0
119201,0
119202,0
119203,0
119204,0
119206,0
119207,0
119209,0
119212,0
119215,0
119216,0
119217,0
119218,0
119219,0
119221,0
119222,0
119223,0
119225,0
119226,0
119229,0
119230,0
119232,0
119236,0
119239,0
119240,0
119241,0
119242,0
119245,0
119246,0
119247,0
119249,0
119251,0
119254,0
119257,0
119259,0
119260,0
119265,0
119267,0
119268,0
119271,0
119274,0
119278,0
119283,0
119287,0
119288,0
119290,0
119291,0
119294,0
119295,0
119300,0
119302,0
119303,0
119311,0
119312,0
119314,0
119315,0
119318,0
119319,0
119320,0
119322,0
119330,0
119333,0
119339,0
119341,0
119343,0
119350,0
119351,0
119356,0
119357,0
119359,0
119360,0
119366,0
119367,0
119372,0
119374,0
119376,0
119384,0
119385,0
119386,0
119387,0
119391,0
119393,0
119394,0
119396,0
119397,0
119399,0
119402,0
119403,0
119404,0
119405,0
119411,0
119412,0
119413,0
119415,0
119416,0
119418,0
119419,0
119422,0
119423,0
119427,0
119428,0
119429,0
119432,0
119433,0
119435,0
119436,0
119437,0
119440,0
119442,0
119444,0
119446,0
119448,0
119450,0
119453,0
119454,0
119456,0
119457,0
119460,0
119462,0
119468,0
119471,0
119479,0
119480,0
119481,0
119483,0
119488,0
119489,0
119496,0
119497,0
119498,0
119499,0
119504,0
119509,0
119510,0
119512,0
119513,0
119514,0
119515,0
119517,0
119520,0
119521,0
119522,0
119524,0
119526,0
119532,0
119534,0
119538,0
119541,0
119542,0
119544,0
119546,0
119548,0
119550,0
119553,0
119554,0
119562,0
119564,0
119566,0
119567,0
119568,0
119570,0
119571,0
119572,0
119573,0
119581,0
119584,0
119587,0
119588,0
119590,0
119591,0
119592,0
119594,0
119599,0
119600,0
119603,0
119605,0
119606,0
119609,0
119611,0
119612,0
119613,0
119614,0
119617,0
119618,0
119623,0
119624,0
119629,0
119630,0
119632,0
119633,0
119635,0
119639,0
119644,0
119646,0
119647,0
119649,0
119651,0
119652,0
119653,0
119654,0
119658,0
119659,0
119661,0
119662,0
119663,0
119667,0
119672,0
119673,0
119675,0
119677,0
119680,0
119682,0
119683,0
119685,0
119690,0
119691,0
119692,0
119696,0
119697,0
119702,0
119704,0
119705,0
119706,0
119709,0
119710,0
119712,0
119722,0
119724,0
119726,0
119727,0
119731,0
119732,0
119735,0
119739,0
119742,0
119743,0
119745,0
119746,0
119749,0
119750,0
119756,0
119758,0
119759,0
119762,0
119763,0
119765,0
119766,0
119767,0
119768,0
119773,0
119778,0
119779,0
119780,0
119782,0
119785,0
119786,0
119789,0
119791,0
119798,0
119799,0
119802,0
119804,0
119814,0
119815,0
119816,0
119818,0
119820,0
119821,0
119825,0
119827,0
119830,0
119833,0
119834,0
119836,0
119839,0
119840,0
119843,0
119846,0
119847,0
119849,0
119850,0
119852,0
119858,0
119861,0
119862,0
119866,0
119870,0
119872,0
119874,0
119880,0
119882,0
119884,0
119890,0
119892,0
119893,0
119895,0
119909,0
119911,0
119912,0
119915,0
119918,0
119920,0
119924,0
119926,0
119928,0
119930,0
119931,0
119934,0
119935,0
119942,0
119947,0
119949,0
119950,0
119956,0
119958,0
119959,0
119962,0
119965,0
119967,0
119968,0
119969,0
119971,0
119972,0
119973,0
119981,0
119985,0
119986,0
119990,0
119993,0
119995,0
120005,0
120006,0
120010,0
120011,0
120012,0
120016,0
120024,0
120025,0
120026,0
120027,0
120029,0
120033,0
120034,0
120035,0
120040,0
120041,0
120044,0
120051,0
120053,0
120055,0
120056,0
120058,0
120059,0
120060,0
120063,0
120066,0
120067,0
120074,0
120075,0
120076,0
120078,0
120079,0
120082,0
120083,0
120085,0
120086,0
120091,0
120093,0
120094,0
120097,0
120100,0
120103,0
120107,0
120108,0
120113,0
120114,0
120115,0
120125,0
120127,0
120128,0
120132,0
120134,0
120135,0
120136,0
120138,0
120141,0
120142,0
120165,0
120169,0
120173,0
120174,0
120175,0
120176,0
120177,0
120184,0
120187,0
120188,0
120191,0
120193,0
120198,0
120201,0
120202,0
120203,0
120204,0
120211,0
120212,0
120214,0
120216,0
120218,0
120219,0
120221,0
120222,0
120228,0
120229,0
120232,0
120237,0
120240,0
120241,0
120244,0
120245,0
120247,0
120248,0
120249,0
120252,0
120258,0
120260,0
120263,0
120264,0
120265,0
120271,0
120273,0
120274,0
120275,0
120277,0
120278,0
120282,0
120283,0
120289,0
120291,0
120294,0
120295,0
120296,0
120299,0
120302,0
120306,0
120307,0
120313,0
120314,0
120316,0
120318,0
120319,0
120322,0
120328,0
120330,0
120332,0
120335,0
120339,0
120340,0
120344,0
120346,0
120349,0
120355,0
120359,0
120360,0
120362,0
120363,0
120370,0
120371,0
120372,0
120373,0
120376,0
120381,0
120385,0
120386,0
120387,0
120388,0
120389,0
120391,0
120393,0
120398,0
120399,0
120401,0
120402,0
120403,0
120406,0
120407,0
120408,0
120410,0
120413,0
120417,0
120419,0
120421,0
120428,0
120430,0
120433,0
120436,0
120437,0
120439,0
120440,0
120441,0
120442,0
120443,0
120446,0
120448,0
120450,0
120452,0
120454,0
120455,0
120458,0
120460,0
120463,0
120465,0
120467,0
120469,0
120470,0
120472,0
120477,0
120478,0
120479,0
120481,0
120482,0
120487,0
120489,0
120490,0
120497,0
120499,0
120502,0
120503,0
120504,0
120506,0
120508,0
120513,0
120515,0
120516,0
120518,0
120525,0
120529,0
120531,0
120533,0
120534,0
120535,0
120536,0
120538,0
120539,0
120540,0
120546,0
120549,0
120551,0
120554,0
120557,0
120561,0
120563,0
120564,0
120565,0
120566,0
120569,0
120573,0
120574,0
120576,0
120577,0
120578,0
120579,0
120580,0
120583,0
120585,0
120586,0
120591,0
120592,0
120594,0
120601,0
120602,0
120604,0
120605,0
120606,0
120608,0
120610,0
120612,0
120617,0
120619,0
120623,0
120624,0
120636,0
120637,0
120644,0
120647,0
120650,0
120651,0
120653,0
120656,0
120666,0
120669,0
120672,0
120673,0
120678,0
120682,0
120683,0
120685,0
120687,0
120688,0
120691,0
120693,0
120696,0
120697,0
120702,0
120703,0
120708,0
120711,0
120712,0
120713,0
120714,0
120715,0
120716,0
120717,0
120718,0
120721,0
120722,0
120723,0
120725,0
120726,0
120728,0
120732,0
120734,0
120738,0
120741,0
120742,0
120746,0
120747,0
120750,0
120753,0
120756,0
120761,0
120765,0
120769,0
120774,0
120777,0
120784,0
120785,0
120791,0
120793,0
120795,0
120796,0
120800,0
120801,0
120802,0
120803,0
120805,0
120806,0
120808,0
120814,0
120815,0
120820,0
120822,0
120828,0
120829,0
120830,0
120838,0
120839,0
120840,0
120846,0
120848,0
120852,0
120855,0
120857,0
120862,0
120863,0
120865,0
120874,0
120876,0
120878,0
120879,0
120880,0
120882,0
120883,0
120884,0
120885,0
120896,0
120899,0
120901,0
120902,0
120905,0
120906,0
120909,0
120910,0
120916,0
120917,0
120918,0
120920,0
120921,0
120923,0
120925,0
120928,0
120932,0
120933,0
120935,0
120941,0
120942,0
120949,0
120955,0
120956,0
120959,0
120960,0
120961,0
120964,0
120966,0
120969,0
120970,0
120977,0
120978,0
120979,0
120981,0
120984,0
120991,0
120992,0
120993,0
120996,0
120997,0
120999,0
121001,0
121004,0
121005,0
121008,0
121012,0
121020,0
121023,0
121024,0
121025,0
121026,0
121027,0
121033,0
121034,0
121036,0
121041,0
121050,0
121051,0
121052,0
121053,0
121054,0
121056,0
121058,0
121060,0
121065,0
121067,0
121069,0
121074,0
121076,0
121078,0
121081,0
121083,0
121084,0
121086,0
121087,0
121088,0
121089,0
121090,0
121092,0
121098,0
121104,0
121106,0
121107,0
121108,0
121110,0
121120,0
121121,0
121122,0
121128,0
121130,0
121136,0
121141,0
121144,0
121145,0
121148,0
121150,0
121151,0
121153,0
121154,0
121156,0
121157,0
121159,0
121161,0
121167,0
121168,0
121171,0
121176,0
121180,0
121181,0
121184,0
121185,0
121186,0
121188,0
121189,0
121192,0
121199,0
121200,0
121201,0
121205,0
121206,0
121207,0
121208,0
121210,0
121212,0
121213,0
121216,0
121218,0
121222,0
121224,0
121226,0
121232,0
121237,0
121238,0
121243,0
121245,0
121246,0
121247,0
121248,0
121249,0
121250,0
121252,0
121259,0
121266,0
121273,0
121276,0
121278,0
121279,0
121282,0
121283,0
121286,0
121287,0
121288,0
121291,0
121294,0
121295,0
121297,0
121298,0
121301,0
121303,0
121304,0
121308,0
121309,0
121310,0
121311,0
121312,0
121320,0
121322,0
121324,0
121328,0
121330,0
121331,0
121336,0
121338,0
121349,0
121350,0
121353,0
121354,0
121356,0
121359,0
121360,0
121361,0
121363,0
121365,0
121366,0
121367,0
121368,0
121371,0
121372,0
121374,0
121377,0
121383,0
121384,0
121386,0
121393,0
121394,0
121399,0
121400,0
121406,0
121407,0
121409,0
121415,0
121417,0
121423,0
121435,0
121438,0
121439,0
121440,0
121444,0
121445,0
121450,0
121451,0
121453,0
121455,0
121456,0
121458,0
121463,0
121465,0
121466,0
121473,0
121478,0
121481,0
121483,0
121484,0
121488,0
121489,0
121490,0
121492,0
121494,0
121496,0
121498,0
121499,0
121502,0
121503,0
121504,0
121509,0
121510,0
121514,0
121518,0
121521,0
121528,0
121530,0
121533,0
121534,0
121536,0
121537,0
121538,0
121540,0
121544,0
121546,0
121550,0
121553,0
121558,0
121561,0
121562,0
121563,0
121566,0
121574,0
121577,0
121578,0
121580,0
121583,0
121585,0
121588,0
121589,0
121592,0
121594,0
121596,0
121598,0
121604,0
121606,0
121610,0
121613,0
121614,0
121616,0
121618,0
121619,0
121622,0
121623,0
121624,0
121628,0
121630,0
121632,0
121635,0
121636,0
121639,0
121641,0
121642,0
121646,0
121648,0
121650,0
121653,0
121656,0
121657,0
121658,0
121659,0
121664,0
121667,0
121669,0
121674,0
121675,0
121676,0
121678,0
121679,0
121682,0
121683,0
121688,0
121689,0
121690,0
121694,0
121699,0
121701,0
121703,0
121707,0
121708,0
121709,0
121711,0
121713,0
121715,0
121716,0
121719,0
121721,0
121726,0
121729,0
121735,0
121736,0
121739,0
121740,0
121746,0
121750,0
121752,0
121754,0
121763,0
121764,0
121766,0
121772,0
121773,0
121774,0
121776,0
121778,0
121780,0
121781,0
121783,0
121786,0
121787,0
121788,0
121795,0
121798,0
121799,0
121801,0
121807,0
121808,0
121815,0
121816,0
121817,0
121819,0
121820,0
121827,0
121828,0
121829,0
121830,0
121836,0
121840,0
121842,0
121843,0
121844,0
121848,0
121849,0
121850,0
121854,0
121857,0
121858,0
121859,0
121864,0
121865,0
121872,0
121882,0
121884,0
121886,0
121887,0
121888,0
121894,0
121895,0
121896,0
121899,0
121900,0
121903,0
121910,0
121916,0
121919,0
121920,0
121921,0
121923,0
121928,0
121933,0
121934,0
121937,0
121939,0
121942,0
121945,0
121953,0
121955,0
121957,0
121959,0
121960,0
121962,0
121970,0
121972,0
121973,0
121974,0
121976,0
121978,0
121979,0
121981,0
121983,0
121987,0
121988,0
121989,0
121990,0
121994,0
121997,0
122000,0
122001,0
122003,0
122006,0
122007,0
122009,0
122011,0
122012,0
122014,0
122017,0
122020,0
122021,0
122028,0
122029,0
122032,0
122038,0
122039,0
122040,0
122041,0
122043,0
122044,0
122045,0
122048,0
122049,0
122050,0
122052,0
122056,0
122058,0
122061,0
122064,0
122066,0
122069,0
122071,0
122074,0
122076,0
122077,0
122082,0
122083,0
122085,0
122086,0
122089,0
122090,0
122091,0
122095,0
122098,0
122099,0
122104,0
122109,0
122111,0
122115,0
122121,0
122122,0
122128,0
122129,0
122130,0
122131,0
122134,0
122136,0
122137,0
122142,0
122147,0
122149,0
122150,0
122152,0
122157,0
122158,0
122159,0
122160,0
122161,0
122164,0
122168,0
122170,0
122174,0
122180,0
122183,0
122184,0
122197,0
122201,0
122203,0
122204,0
122205,0
122206,0
122207,0
122209,0
122210,0
122219,0
122221,0
122225,0
122228,0
122229,0
122231,0
122232,0
122237,0
122238,0
122240,0
122245,0
122247,0
122249,0
122250,0
122251,0
122253,0
122255,0
122257,0
122259,0
122262,0
122264,0
122266,0
122267,0
122268,0
122270,0
122276,0
122284,0
122294,0
122295,0
122297,0
122298,0
122300,0
122302,0
122303,0
122304,0
122308,0
122312,0
122316,0
122320,0
122321,0
122323,0
122324,0
122325,0
122329,0
122332,0
122333,0
122334,0
122337,0
122338,0
122343,0
122344,0
122348,0
122349,0
122352,0
122353,0
122357,0
122358,0
122359,0
122360,0
122362,0
122367,0
122373,0
122375,0
122376,0
122385,0
122390,0
122392,0
122398,0
122402,0
122403,0
122405,0
122406,0
122409,0
122410,0
122411,0
122412,0
122413,0
122416,0
122418,0
122420,0
122421,0
122424,0
122425,0
122428,0
122429,0
122431,0
122438,0
122442,0
122444,0
122447,0
122449,0
122450,0
122454,0
122456,0
122458,0
122460,0
122465,0
122466,0
122467,0
122471,0
122481,0
122484,0
122486,0
122488,0
122496,0
122500,0
122506,0
122507,0
122511,0
122512,0
122514,0
122515,0
122525,0
122528,0
122532,0
122534,0
122535,0
122543,0
122548,0
122550,0
122551,0
122554,0
122558,0
122560,0
122563,0
122565,0
122566,0
122567,0
122570,0
122571,0
122574,0
122578,0
122580,0
122582,0
122585,0
122587,0
122588,0
122591,0
122593,0
122597,0
122598,0
122601,0
122605,0
122609,0
122611,0
122613,0
122615,0
122616,0
122620,0
122622,0
122625,0
122631,0
122632,0
122634,0
122636,0
122637,0
122641,0
122642,0
122648,0
122649,0
122651,0
122654,0
122655,0
122657,0
122660,0
122662,0
122665,0
122666,0
122667,0
122670,0
122671,0
122672,0
122677,0
122678,0
122680,0
122682,0
122684,0
122685,0
122692,0
122694,0
122696,0
122697,0
122700,0
122708,0
122710,0
122712,0
122714,0
122715,0
122716,0
122723,0
122725,0
122726,0
122727,0
122731,0
122735,0
122743,0
122744,0
122745,0
122746,0
122749,0
122752,0
122757,0
122758,0
122759,0
122760,0
122761,0
122768,0
122771,0
122772,0
122773,0
122774,0
122777,0
122780,0
122781,0
122782,0
122783,0
122784,0
122785,0
122786,0
122787,0
122792,0
122793,0
122798,0
122803,0
122814,0
122815,0
122817,0
122819,0
122820,0
122822,0
122824,0
122825,0
122826,0
122827,0
122830,0
122832,0
122836,0
122838,0
122842,0
122846,0
122848,0
122850,0
122853,0
122858,0
122861,0
122862,0
122863,0
122870,0
122871,0
122872,0
122873,0
122875,0
122876,0
122880,0
122882,0
122885,0
122886,0
122888,0
122892,0
122893,0
122896,0
122898,0
122899,0
122901,0
122903,0
122907,0
122909,0
122910,0
122918,0
122920,0
122921,0
122922,0
122923,0
122926,0
122927,0
122930,0
122931,0
122932,0
122934,0
122936,0
122937,0
122938,0
122939,0
122940,0
122944,0
122946,0
122947,0
122952,0
122953,0
122955,0
122957,0
122958,0
122959,0
122960,0
122962,0
122963,0
122971,0
122972,0
122974,0
122975,0
122977,0
122980,0
122981,0
122989,0
122990,0
122992,0
122993,0
122997,0
122998,0
122999,0
123003,0
123005,0
123006,0
123008,0
123009,0
123010,0
123012,0
123014,0
123015,0
123018,0
123019,0
123021,0
123029,0
123030,0
123032,0
123037,0
123043,0
123045,0
123046,0
123048,0
123053,0
123057,0
123059,0
123060,0
123063,0
123066,0
123067,0
123072,0
123075,0
123078,0
123080,0
123085,0
123089,0
123090,0
123094,0
123095,0
123098,0
123100,0
123104,0
123112,0
123113,0
123121,0
123122,0
123123,0
123124,0
123125,0
123128,0
123131,0
123135,0
123136,0
123137,0
123140,0
123142,0
123145,0
123146,0
123148,0
123149,0
123151,0
123152,0
123156,0
123157,0
123158,0
123159,0
123167,0
123168,0
123170,0
123171,0
123179,0
123183,0
123189,0
123191,0
123192,0
123193,0
123197,0
123199,0
123201,0
123202,0
123203,0
123209,0
123211,0
123213,0
123214,0
123216,0
123217,0
123220,0
123221,0
123225,0
123226,0
123231,0
123233,0
123237,0
123240,0
123241,0
123242,0
123245,0
123247,0
123251,0
123253,0
123254,0
123257,0
123262,0
123266,0
123267,0
123270,0
123271,0
123273,0
123274,0
123275,0
123278,0
123284,0
123285,0
123286,0
123290,0
123293,0
123294,0
123299,0
123306,0
123314,0
123317,0
123325,0
123327,0
123330,0
123338,0
123339,0
123340,0
123344,0
123346,0
123350,0
123351,0
123355,0
123356,0
123358,0
123359,0
123361,0
123362,0
123363,0
123364,0
123366,0
123367,0
123370,0
123372,0
123376,0
123379,0
123382,0
123384,0
123388,0
123389,0
123393,0
123398,0
123400,0
123402,0
123403,0
123408,0
123410,0
123412,0
123414,0
123417,0
123420,0
123421,0
123424,0
123430,0
123434,0
123437,0
123438,0
123439,0
123442,0
123443,0
123444,0
123446,0
123448,0
123449,0
123450,0
123452,0
123454,0
123459,0
123462,0
123463,0
123469,0
123470,0
123479,0
123481,0
123486,0
123489,0
123491,0
123495,0
123498,0
123500,0
123502,0
123505,0
123506,0
123511,0
123512,0
123515,0
123517,0
123518,0
123523,0
123525,0
123526,0
123528,0
123536,0
123539,0
123541,0
123543,0
123550,0
123551,0
123556,0
123557,0
123558,0
123563,0
123568,0
123571,0
123572,0
123573,0
123575,0
123579,0
123583,0
123585,0
123586,0
123589,0
123590,0
123593,0
123596,0
123597,0
123599,0
123600,0
123601,0
123602,0
123605,0
123611,0
123613,0
123614,0
123617,0
123621,0
123623,0
123624,0
123630,0
123635,0
123637,0
123640,0
123641,0
123645,0
123646,0
123655,0
123656,0
123657,0
123659,0
123666,0
123668,0
123670,0
123672,0
123673,0
123675,0
123677,0
123680,0
123682,0
123684,0
123687,0
123694,0
123696,0
123699,0
123701,0
123703,0
123710,0
123711,0
123716,0
123718,0
123720,0
123721,0
123723,0
123730,0
123732,0
123737,0
123739,0
123741,0
123742,0
123745,0
123746,0
123752,0
123754,0
123758,0
123762,0
123763,0
123766,0
123773,0
123776,0
123791,0
123797,0
123798,0
123799,0
123800,0
123801,0
123806,0
123807,0
123815,0
123819,0
123824,0
123825,0
123826,0
123828,0
123833,0
123834,0
123836,0
123837,0
123842,0
123845,0
123854,0
123856,0
123859,0
123861,0
123863,0
123871,0
123876,0
123879,0
123880,0
123883,0
123886,0
123887,0
123889,0
123890,0
123892,0
123893,0
123895,0
123897,0
123898,0
123903,0
123908,0
123918,0
123925,0
123927,0
123929,0
123931,0
123932,0
123936,0
123937,0
123940,0
123942,0
123943,0
123947,0
123950,0
123951,0
123952,0
123956,0
123962,0
123965,0
123966,0
123967,0
123968,0
123969,0
123971,0
123972,0
123977,0
123978,0
123979,0
123980,0
123981,0
123986,0
123987,0
123988,0
123992,0
124003,0
124006,0
124009,0
124016,0
124017,0
124018,0
124021,0
124022,0
124023,0
124025,0
124027,0
124033,0
124035,0
124038,0
124043,0
124046,0
124047,0
124050,0
124053,0
124056,0
124058,0
124062,0
124064,0
124070,0
124072,0
124074,0
124076,0
124078,0
124079,0
124080,0
124081,0
124087,0
124091,0
124093,0
124094,0
124095,0
124101,0
124103,0
124107,0
124108,0
124111,0
124117,0
124119,0
124120,0
124122,0
124123,0
124133,0
124134,0
124141,0
124142,0
124145,0
124147,0
124148,0
124153,0
124154,0
124157,0
124158,0
124159,0
124164,0
124165,0
124166,0
124170,0
124171,0
124173,0
124178,0
124179,0
124184,0
124191,0
124192,0
124195,0
124198,0
124202,0
124204,0
124205,0
124209,0
124211,0
124212,0
124214,0
124215,0
124218,0
124220,0
124221,0
124222,0
124224,0
124225,0
124228,0
124231,0
124232,0
124233,0
124235,0
124237,0
124240,0
124243,0
124244,0
124246,0
124247,0
124248,0
124249,0
124250,0
124252,0
124256,0
124259,0
124262,0
124264,0
124266,0
124268,0
124271,0
124272,0
124273,0
124277,0
124278,0
124279,0
124280,0
124284,0
124285,0
124287,0
124289,0
124292,0
124293,0
124297,0
124301,0
124302,0
124303,0
124304,0
124306,0
124308,0
124309,0
124311,0
124313,0
124314,0
124320,0
124321,0
124323,0
124328,0
124329,0
124330,0
124331,0
124332,0
124336,0
124338,0
124339,0
124340,0
124343,0
124344,0
124345,0
124346,0
124350,0
124353,0
124357,0
124359,0
124360,0
124368,0
124374,0
124375,0
124376,0
124382,0
124384,0
124392,0
124393,0
124395,0
124396,0
124398,0
124403,0
124404,0
124405,0
124409,0
124416,0
124417,0
124418,0
124419,0
124420,0
124426,0
124429,0
124432,0
124437,0
124438,0
124443,0
124452,0
124458,0
124459,0
124464,0
124465,0
124467,0
124469,0
124473,0
124481,0
124483,0
124491,0
124495,0
124498,0
124501,0
124503,0
124504,0
124505,0
124508,0
124509,0
124510,0
124512,0
124513,0
124514,0
124524,0
124529,0
124530,0
124532,0
124533,0
124543,0
124547,0
124548,0
124549,0
124552,0
124553,0
124556,0
124557,0
124561,0
124562,0
124565,0
124570,0
124571,0
124572,0
124574,0
124575,0
124576,0
124578,0
124580,0
124586,0
124588,0
124591,0
124593,0
124595,0
124596,0
124600,0
124601,0
124613,0
124614,0
124616,0
124617,0
124620,0
124621,0
124626,0
124628,0
124629,0
124631,0
124635,0
124637,0
124641,0
124642,0
124644,0
124646,0
124647,0
124648,0
124649,0
124650,0
124653,0
124654,0
124656,0
124658,0
124662,0
124664,0
124667,0
124672,0
124674,0
124675,0
124676,0
124677,0
124682,0
124684,0
124691,0
124693,0
124695,0
124697,0
124699,0
124701,0
124703,0
124705,0
124710,0
124712,0
124713,0
124718,0
124720,0
124723,0
124725,0
124727,0
124729,0
124732,0
124733,0
124736,0
124741,0
124742,0
124743,0
124745,0
124747,0
124749,0
124750,0
124751,0
124752,0
124754,0
124755,0
124757,0
124764,0
124770,0
124773,0
124784,0
124786,0
124788,0
124791,0
124792,0
124802,0
124803,0
124805,0
124806,0
124810,0
124811,0
124813,0
124814,0
124816,0
124820,0
124821,0
124823,0
124827,0
124830,0
124831,0
124834,0
124835,0
124836,0
124838,0
124840,0
124842,0
124846,0
124848,0
124850,0
124855,0
124856,0
124857,0
124858,0
124864,0
124865,0
124866,0
124867,0
124870,0
124872,0
124873,0
124876,0
124877,0
124878,0
124879,0
124883,0
124887,0
124888,0
124889,0
124894,0
124898,0
124904,0
124905,0
124909,0
124910,0
124911,0
124912,0
124913,0
124914,0
124915,0
124916,0
124917,0
124919,0
124920,0
124925,0
124926,0
124927,0
124929,0
124930,0
124934,0
124942,0
124944,0
124947,0
124948,0
124949,0
124950,0
124952,0
124953,0
124957,0
124959,0
124960,0
124964,0
124965,0
124969,0
124971,0
124973,0
124974,0
124975,0
124976,0
124982,0
124983,0
124984,0
124987,0
124989,0
124991,0
124996,0
124997,0
124998,0
125001,0
125002,0
125004,0
125006,0
125011,0
125014,0
125017,0
125018,0
125020,0
125023,0
125026,0
125027,0
125028,0
125031,0
125035,0
125036,0
125037,0
125038,0
125040,0
125042,0
125046,0
125047,0
125048,0
125050,0
125051,0
125052,0
125056,0
125057,0
125060,0
125063,0
125068,0
125069,0
125070,0
125072,0
125077,0
125084,0
125087,0
125091,0
125094,0
125097,0
125099,0
125101,0
125102,0
125104,0
125105,0
125106,0
125107,0
125114,0
125118,0
125121,0
125124,0
125127,0
125129,0
125132,0
125141,0
125147,0
125152,0
125154,0
125155,0
125159,0
125161,0
125162,0
125166,0
125169,0
125174,0
125177,0
125178,0
125187,0
125188,0
125191,0
125193,0
125195,0
125198,0
125200,0
125203,0
125204,0
125210,0
125213,0
125219,0
125222,0
125223,0
125225,0
125227,0
125231,0
125232,0
125236,0
125239,0
125241,0
125243,0
125247,0
125254,0
125255,0
125260,0
125261,0
125263,0
125269,0
125271,0
125273,0
125276,0
125278,0
125279,0
125283,0
125286,0
125288,0
125289,0
125291,0
125293,0
125299,0
125302,0
125304,0
125307,0
125309,0
125312,0
125321,0
125322,0
125323,0
125328,0
125329,0
125331,0
125332,0
125333,0
125335,0
125338,0
125339,0
125342,0
125344,0
125349,0
125350,0
125351,0
125353,0
125355,0
125359,0
125360,0
125362,0
125365,0
125368,0
125375,0
125376,0
125379,0
125387,0
125388,0
125389,0
125391,0
125394,0
125397,0
125399,0
125400,0
125408,0
125409,0
125411,0
125412,0
125413,0
125414,0
125417,0
125418,0
125420,0
125421,0
125425,0
125432,0
125433,0
125435,0
125438,0
125440,0
125444,0
125449,0
125450,0
125456,0
125457,0
125459,0
125463,0
125464,0
125466,0
125471,0
125472,0
125473,0
125481,0
125483,0
125485,0
125487,0
125490,0
125491,0
125496,0
125502,0
125507,0
125508,0
125511,0
125514,0
125524,0
125525,0
125531,0
125532,0
125534,0
125540,0
125542,0
125545,0
125546,0
125548,0
125549,0
125553,0
125556,0
125557,0
125558,0
125559,0
125560,0
125566,0
125567,0
125568,0
125569,0
125570,0
125572,0
125574,0
125578,0
125587,0
125589,0
125592,0
125595,0
125597,0
125599,0
125600,0
125606,0
125610,0
125614,0
125615,0
125618,0
125624,0
125625,0
125626,0
125630,0
125631,0
125633,0
125635,0
125636,0
125642,0
125646,0
125647,0
125651,0
125662,0
125665,0
125666,0
125669,0
125671,0
125673,0
125675,0
125678,0
125682,0
125683,0
125684,0
125691,0
125695,0
125696,0
125697,0
125698,0
125701,0
125705,0
125706,0
125708,0
125713,0
125714,0
125715,0
125718,0
125720,0
125723,0
125729,0
125731,0
125732,0
125734,0
125735,0
125737,0
125740,0
125750,0
125751,0
125753,0
125755,0
125759,0
125762,0
125766,0
125768,0
125771,0
125780,0
125782,0
125783,0
125785,0
125786,0
125791,0
125797,0
125799,0
125801,0
125802,0
125803,0
125804,0
125806,0
125810,0
125820,0
125821,0
125824,0
125825,0
125828,0
125834,0
125835,0
125836,0
125840,0
125843,0
125845,0
125846,0
125850,0
125851,0
125852,0
125854,0
125855,0
125856,0
125866,0
125867,0
125868,0
125875,0
125876,0
125878,0
125880,0
125881,0
125883,0
125886,0
125892,0
125893,0
125895,0
125896,0
125897,0
125898,0
125902,0
125903,0
125911,0
125914,0
125916,0
125918,0
125919,0
125928,0
125930,0
125931,0
125934,0
125935,0
125936,0
125938,0
125944,0
125945,0
125946,0
125948,0
125949,0
125950,0
125951,0
125952,0
125953,0
125956,0
125959,0
125960,0
125962,0
125963,0
125964,0
125965,0
125972,0
125973,0
125974,0
125975,0
125976,0
125977,0
125978,0
125980,0
125982,0
125983,0
125984,0
125985,0
125986,0
125994,0
125995,0
125996,0
125998,0
126000,0
126001,0
126004,0
126005,0
126007,0
126012,0
126014,0
126015,0
126017,0
126020,0
126022,0
126024,0
126025,0
126028,0
126031,0
126034,0
126035,0
126036,0
126039,0
126046,0
126047,0
126051,0
126055,0
126056,0
126058,0
126060,0
126062,0
126066,0
126067,0
126069,0
126073,0
126080,0
126081,0
126085,0
126086,0
126088,0
126089,0
126094,0
126095,0
126097,0
126099,0
126100,0
126102,0
126103,0
126104,0
126107,0
126113,0
126114,0
126115,0
126119,0
126120,0
126122,0
126125,0
126128,0
126129,0
126134,0
126143,0
126144,0
126146,0
126150,0
126151,0
126152,0
126154,0
126156,0
126158,0
126161,0
126172,0
126174,0
126177,0
126181,0
126186,0
126187,0
126190,0
126193,0
126196,0
126199,0
126206,0
126211,0
126214,0
126222,0
126230,0
126231,0
126233,0
126238,0
126241,0
126242,0
126245,0
126246,0
126247,0
126250,0
126251,0
126254,0
126257,0
126260,0
126264,0
126266,0
126269,0
126270,0
126271,0
126278,0
126279,0
126286,0
126289,0
126296,0
126298,0
126300,0
126303,0
126304,0
126305,0
126307,0
126309,0
126311,0
126312,0
126313,0
126318,0
126319,0
126323,0
126325,0
126327,0
126328,0
126330,0
126331,0
126332,0
126339,0
126343,0
126347,0
126348,0
126349,0
126351,0
126359,0
126364,0
126365,0
126366,0
126367,0
126368,0
126371,0
126372,0
126376,0
126382,0
126383,0
126386,0
126390,0
126393,0
126394,0
126395,0
126396,0
126401,0
126402,0
126403,0
126404,0
126407,0
126408,0
126412,0
126414,0
126415,0
126417,0
126421,0
126423,0
126424,0
126427,0
126429,0
126438,0
126440,0
126441,0
126448,0
126450,0
126451,0
126452,0
126461,0
126462,0
126465,0
126466,0
126467,0
126471,0
126472,0
126475,0
126481,0
126485,0
126487,0
126492,0
126494,0
126496,0
126498,0
126503,0
126504,0
126506,0
126509,0
126510,0
126512,0
126515,0
126516,0
126517,0
126518,0
126522,0
126525,0
126526,0
126527,0
126528,0
126529,0
126530,0
126533,0
126534,0
126538,0
126545,0
126546,0
126547,0
126548,0
126556,0
126559,0
126563,0
126564,0
126565,0
126566,0
126568,0
126569,0
126574,0
126577,0
126578,0
126579,0
126582,0
126583,0
126586,0
126590,0
126591,0
126594,0
126595,0
126596,0
126597,0
126598,0
126602,0
126609,0
126615,0
126616,0
126618,0
126622,0
126633,0
126635,0
126636,0
126637,0
126643,0
126651,0
126653,0
126655,0
126657,0
126659,0
126661,0
126662,0
126663,0
126671,0
126673,0
126678,0
126680,0
126682,0
126683,0
126684,0
126685,0
126688,0
126691,0
126692,0
126693,0
126694,0
126696,0
126698,0
126700,0
126702,0
126703,0
126705,0
126707,0
126709,0
126713,0
126714,0
126715,0
126717,0
126719,0
126720,0
126723,0
126728,0
126729,0
126730,0
126734,0
126742,0
126743,0
126744,0
126745,0
126746,0
126748,0
126751,0
126752,0
126753,0
126754,0
126759,0
126761,0
126765,0
126766,0
126767,0
126774,0
126775,0
126781,0
126782,0
126785,0
126786,0
126787,0
126789,0
126790,0
126791,0
126792,0
126796,0
126799,0
126801,0
126802,0
126803,0
126805,0
126806,0
126807,0
126808,0
126809,0
126811,0
126813,0
126818,0
126820,0
126821,0
126825,0
126828,0
126832,0
126835,0
126836,0
126842,0
126844,0
126851,0
126853,0
126854,0
126856,0
126857,0
126864,0
126865,0
126866,0
126868,0
126877,0
126878,0
126881,0
126882,0
126889,0
126890,0
126891,0
126893,0
126894,0
126901,0
126904,0
126906,0
126907,0
126908,0
126911,0
126915,0
126917,0
126918,0
126920,0
126921,0
126922,0
126923,0
126924,0
126925,0
126927,0
126928,0
126931,0
126933,0
126936,0
126937,0
126939,0
126942,0
126945,0
126946,0
126954,0
126957,0
126958,0
126959,0
126965,0
126969,0
126970,0
126972,0
126975,0
126983,0
126985,0
126986,0
126987,0
126988,0
126992,0
126993,0
126995,0
126997,0
127000,0
127001,0
127005,0
127006,0
127008,0
127011,0
127012,0
127016,0
127017,0
127033,0
127036,0
127038,0
127042,0
127044,0
127047,0
127049,0
127050,0
127051,0
127053,0
127056,0
127060,0
127062,0
127067,0
127069,0
127072,0
127075,0
127076,0
127082,0
127083,0
127087,0
127090,0
127095,0
127099,0
127103,0
127104,0
127105,0
127108,0
127114,0
127116,0
127117,0
127120,0
127123,0
127125,0
127127,0
127128,0
127130,0
127135,0
127136,0
127138,0
127140,0
127142,0
127145,0
127147,0
127148,0
127150,0
127152,0
127155,0
127157,0
127160,0
127161,0
127163,0
127165,0
127166,0
127167,0
127174,0
127176,0
127183,0
127191,0
127194,0
127196,0
127199,0
127201,0
127203,0
127205,0
127211,0
127216,0
127219,0
127225,0
127230,0
127231,0
127232,0
127237,0
127238,0
127243,0
127249,0
127254,0
127256,0
127260,0
127261,0
127262,0
127263,0
127265,0
127267,0
127268,0
127269,0
127270,0
127271,0
127272,0
127273,0
127275,0
127277,0
127278,0
127279,0
127282,0
127283,0
127284,0
127286,0
127289,0
127291,0
127292,0
127295,0
127298,0
127300,0
127302,0
127303,0
127304,0
127309,0
127314,0
127315,0
127325,0
127326,0
127327,0
127329,0
127333,0
127336,0
127339,0
127342,0
127343,0
127346,0
127350,0
127353,0
127354,0
127357,0
127358,0
127360,0
127361,0
127362,0
127363,0
127364,0
127365,0
127366,0
127367,0
127368,0
127370,0
127372,0
127373,0
127375,0
127384,0
127389,0
127394,0
127397,0
127398,0
127400,0
127401,0
127402,0
127405,0
127412,0
127413,0
127416,0
127417,0
127420,0
127425,0
127430,0
127435,0
127436,0
127437,0
127440,0
127442,0
127445,0
127446,0
127447,0
127452,0
127453,0
127455,0
127459,0
127461,0
127465,0
127467,0
127468,0
127469,0
127472,0
127476,0
127478,0
127479,0
127480,0
127481,0
127482,0
127485,0
127488,0
127492,0
127500,0
127502,0
127505,0
127506,0
127510,0
127511,0
127512,0
127513,0
127517,0
127518,0
127521,0
127523,0
127524,0
127525,0
127530,0
127531,0
127536,0
127537,0
127538,0
127541,0
127542,0
127548,0
127554,0
127555,0
127558,0
127559,0
127560,0
127562,0
127564,0
127568,0
127571,0
127573,0
127574,0
127576,0
127579,0
127583,0
127586,0
127590,0
127598,0
127604,0
127606,0
127607,0
127608,0
127620,0
127622,0
127625,0
127626,0
127627,0
127629,0
127632,0
127634,0
127645,0
127653,0
127654,0
127657,0
127663,0
127670,0
127676,0
127681,0
127683,0
127688,0
127689,0
127694,0
127698,0
127702,0
127703,0
127712,0
127716,0
127717,0
127720,0
127721,0
127725,0
127726,0
127733,0
127734,0
127736,0
127740,0
127743,0
127744,0
127745,0
127747,0
127752,0
127754,0
127758,0
127761,0
127762,0
127767,0
127770,0
127771,0
127774,0
127777,0
127782,0
127783,0
127785,0
127786,0
127788,0
127790,0
127792,0
127793,0
127795,0
127798,0
127802,0
127803,0
127806,0
127807,0
127809,0
127810,0
127814,0
127821,0
127822,0
127824,0
127827,0
127829,0
127830,0
127831,0
127832,0
127834,0
127835,0
127836,0
127839,0
127842,0
127844,0
127846,0
127847,0
127853,0
127861,0
127862,0
127865,0
127867,0
127873,0
127877,0
127879,0
127882,0
127889,0
127891,0
127892,0
127893,0
127898,0
127899,0
127901,0
127902,0
127903,0
127905,0
127908,0
127912,0
127913,0
127914,0
127917,0
127918,0
127921,0
127929,0
127933,0
127935,0
127939,0
127941,0
127946,0
127947,0
127949,0
127955,0
127956,0
127958,0
127959,0
127961,0
127962,0
127968,0
127969,0
127971,0
127972,0
127974,0
127976,0
127980,0
127981,0
127982,0
127983,0
127986,0
127989,0
127991,0
127998,0
128000,0
128001,0
128002,0
128004,0
128006,0
128008,0
128009,0
128012,0
128013,0
128019,0
128022,0
128023,0
128024,0
128026,0
128027,0
128034,0
128036,0
128037,0
128039,0
128040,0
128042,0
128043,0
128044,0
128050,0
128053,0
128056,0
128059,0
128063,0
128064,0
128065,0
128068,0
128082,0
128085,0
128086,0
128088,0
128089,0
128090,0
128092,0
128093,0
128095,0
128096,0
128097,0
128098,0
128099,0
128102,0
128103,0
128110,0
128112,0
128113,0
128114,0
128115,0
128117,0
128118,0
128119,0
128121,0
128123,0
128124,0
128125,0
128126,0
128127,0
128129,0
128131,0
128132,0
128142,0
128143,0
128150,0
128152,0
128156,0
128157,0
128159,0
128160,0
128161,0
128163,0
128164,0
128167,0
128168,0
128171,0
128173,0
128177,0
128178,0
128179,0
128181,0
128185,0
128188,0
128189,0
128192,0
128196,0
128200,0
128201,0
128203,0
128205,0
128208,0
128210,0
128216,0
128222,0
128224,0
128228,0
128230,0
128232,0
128235,0
128237,0
128239,0
128240,0
128241,0
128242,0
128245,0
128250,0
128251,0
128252,0
128263,0
128265,0
128269,0
128279,0
128282,0
128283,0
128284,0
128285,0
128286,0
128288,0
128290,0
128292,0
128296,0
128297,0
128298,0
128299,0
128300,0
128301,0
128304,0
128307,0
128312,0
128315,0
128318,0
128324,0
128325,0
128328,0
128329,0
128330,0
128335,0
128338,0
128340,0
128342,0
128343,0
128344,0
128347,0
128349,0
128350,0
128354,0
128355,0
128361,0
128364,0
128365,0
128367,0
128368,0
128373,0
128374,0
128378,0
128381,0
128385,0
128388,0
128392,0
128393,0
128394,0
128398,0
128400,0
128401,0
128404,0
128408,0
128411,0
128412,0
128414,0
128418,0
128419,0
128423,0
128428,0
128429,0
128430,0
128435,0
128438,0
128439,0
128441,0
128445,0
128447,0
128453,0
128454,0
128456,0
128457,0
128459,0
128462,0
128463,0
128464,0
128472,0
128473,0
128474,0
128475,0
128476,0
128480,0
128483,0
128484,0
128486,0
128487,0
128489,0
128490,0
128494,0
128495,0
128497,0
128501,0
128505,0
128506,0
128507,0
128508,0
128514,0
128516,0
128517,0
128519,0
128522,0
128524,0
128528,0
128529,0
128530,0
128532,0
128533,0
128534,0
128535,0
128536,0
128541,0
128552,0
128553,0
128554,0
128561,0
128564,0
128567,0
128571,0
128572,0
128573,0
128574,0
128578,0
128583,0
128584,0
128588,0
128591,0
128593,0
128594,0
